,geometry,centerLat,centerLon,stopTime,fileID,flightDirection,pathNumber,processingLevel,url,startTime,sceneName,browse,platform,bytes,md5sum,frameNumber,granuleType,orbit,polarization,processingDate,sensor,groupID,pgeVersion,fileName,beamModeType,date_str,mgrs_tile_id
4,"POLYGON ((-98.826263 46.232658, -98.353294 47.84726, -101.77076 48.247654, -102.13839 46.632008, -98.826263 46.232658))",47.2524,-100.267,2023-12-23T12:51:59.013Z,S1A_IW_SLC__1SDV_20231223T125132_20231223T125159_051782_064124_F648-SLC,DESCENDING,85,SLC,https://datapool.asf.alaska.edu/SLC/SA/S1A_IW_SLC__1SDV_20231223T125132_20231223T125159_051782_064124_F648.zip,2023-12-23 12:51:32.046000+00:00,S1A_IW_SLC__1SDV_20231223T125132_20231223T125159_051782_064124_F648,,Sentinel-1A,7975209376,50fe285689b5699a12c5c8cc8714074a,435,SENTINEL_1A_FRAME,51782,VV+VH,2023-12-23T12:51:32.046Z,C-SAR,S1A_IWDV_0434_0441_051782_085,003.71,S1A_IW_SLC__1SDV_20231223T125132_20231223T125159_051782_064124_F648.zip,IW,2023-12-23,14TMT
5,"POLYGON ((-98.38887 47.718842, -97.898415 49.331879, -101.42231 49.733959, -101.798759 48.119331, -98.38887 47.718842))",48.7392,-99.8715,2023-12-23T12:51:34.186Z,S1A_IW_SLC__1SDV_20231223T125107_20231223T125134_051782_064124_C6D3-SLC,DESCENDING,85,SLC,https://datapool.asf.alaska.edu/SLC/SA/S1A_IW_SLC__1SDV_20231223T125107_20231223T125134_051782_064124_C6D3.zip,2023-12-23 12:51:07.223000+00:00,S1A_IW_SLC__1SDV_20231223T125107_20231223T125134_051782_064124_C6D3,,Sentinel-1A,7975128541,c8c7697b1cf67522e01fd4d9344efd86,430,SENTINEL_1A_FRAME,51782,VV+VH,2023-12-23T12:51:07.223Z,C-SAR,S1A_IWDV_0430_0435_051782_085,003.71,S1A_IW_SLC__1SDV_20231223T125107_20231223T125134_051782_064124_C6D3.zip,IW,2023-12-23,14TMT
11,"POLYGON ((-98.828606 46.232563, -98.355659 47.847168, -101.773079 48.247528, -102.140678 46.631882, -98.828606 46.232563))",47.2523,-100.2693,2023-12-11T12:52:00.057Z,S1A_IW_SLC__1SDV_20231211T125133_20231211T125200_051607_063B1A_3713-SLC,DESCENDING,85,SLC,https://datapool.asf.alaska.edu/SLC/SA/S1A_IW_SLC__1SDV_20231211T125133_20231211T125200_051607_063B1A_3713.zip,2023-12-11 12:51:33.090000+00:00,S1A_IW_SLC__1SDV_20231211T125133_20231211T125200_051607_063B1A_3713,,Sentinel-1A,7975237314,5d854c916b209deae1f32c480b4805db,435,SENTINEL_1A_FRAME,51607,VV+VH,2023-12-11T12:51:33.090Z,C-SAR,S1A_IWDV_0434_0441_051607_085,003.71,S1A_IW_SLC__1SDV_20231211T125133_20231211T125200_051607_063B1A_3713.zip,IW,2023-12-11,14TMT
12,"POLYGON ((-98.391235 47.71875, -97.900764 49.331917, -101.424622 49.733959, -101.801079 48.119205, -98.391235 47.71875))",48.7391,-99.8739,2023-12-11T12:51:35.230Z,S1A_IW_SLC__1SDV_20231211T125108_20231211T125135_051607_063B1A_7B6B-SLC,DESCENDING,85,SLC,https://datapool.asf.alaska.edu/SLC/SA/S1A_IW_SLC__1SDV_20231211T125108_20231211T125135_051607_063B1A_7B6B.zip,2023-12-11 12:51:08.265000+00:00,S1A_IW_SLC__1SDV_20231211T125108_20231211T125135_051607_063B1A_7B6B,,Sentinel-1A,7975115203,17af722f47c6ab8111eadd3ad1259584,430,SENTINEL_1A_FRAME,51607,VV+VH,2023-12-11T12:51:08.265Z,C-SAR,S1A_IWDV_0429_0436_051607_085,003.71,S1A_IW_SLC__1SDV_20231211T125108_20231211T125135_051607_063B1A_7B6B.zip,IW,2023-12-11,14TMT
18,"POLYGON ((-98.82663 46.233631, -98.353661 47.848244, -101.770973 48.2486, -102.138596 46.632946, -98.82663 46.233631))",47.2533,-100.2673,2023-11-29T12:51:59.990Z,S1A_IW_SLC__1SDV_20231129T125133_20231129T125159_051432_063503_DF26-SLC,DESCENDING,85,SLC,https://datapool.asf.alaska.edu/SLC/SA/S1A_IW_SLC__1SDV_20231129T125133_20231129T125159_051432_063503_DF26.zip,2023-11-29 12:51:33.023000+00:00,S1A_IW_SLC__1SDV_20231129T125133_20231129T125159_051432_063503_DF26,,Sentinel-1A,7975280478,cf298202cba5650bc9b64d584eb4b447,435,SENTINEL_1A_FRAME,51432,VV+VH,2023-11-29T12:51:33.023Z,C-SAR,S1A_IWDV_0434_0441_051432_085,003.71,S1A_IW_SLC__1SDV_20231129T125133_20231129T125159_051432_063503_DF26.zip,IW,2023-11-29,14TMT
19,"POLYGON ((-98.389244 47.719826, -97.89875 49.332996, -101.422493 49.735035, -101.798973 48.120277, -98.389244 47.719826))",48.7402,-99.8718,2023-11-29T12:51:35.163Z,S1A_IW_SLC__1SDV_20231129T125108_20231129T125135_051432_063503_F03F-SLC,DESCENDING,85,SLC,https://datapool.asf.alaska.edu/SLC/SA/S1A_IW_SLC__1SDV_20231129T125108_20231129T125135_051432_063503_F03F.zip,2023-11-29 12:51:08.199000+00:00,S1A_IW_SLC__1SDV_20231129T125108_20231129T125135_051432_063503_F03F,,Sentinel-1A,7975255418,c7ce55d143d8471fea51d6e78d00c857,430,SENTINEL_1A_FRAME,51432,VV+VH,2023-11-29T12:51:08.199Z,C-SAR,S1A_IWDV_0429_0436_051432_085,003.71,S1A_IW_SLC__1SDV_20231129T125108_20231129T125135_051432_063503_F03F.zip,IW,2023-11-29,14TMT
25,"POLYGON ((-98.8284 46.232826, -98.355453 47.847309, -101.772789 48.247711, -102.140411 46.632183, -98.8284 46.232826))",47.2525,-100.2691,2023-11-17T12:52:00.909Z,S1A_IW_SLC__1SDV_20231117T125133_20231117T125200_051257_062EF9_0C05-SLC,DESCENDING,85,SLC,https://datapool.asf.alaska.edu/SLC/SA/S1A_IW_SLC__1SDV_20231117T125133_20231117T125200_051257_062EF9_0C05.zip,2023-11-17 12:51:33.944000+00:00,S1A_IW_SLC__1SDV_20231117T125133_20231117T125200_051257_062EF9_0C05,,Sentinel-1A,7975221956,0be2f26752b860d18c95840eb544a067,435,SENTINEL_1A_FRAME,51257,VV+VH,2023-11-17T12:51:33.944Z,C-SAR,S1A_IWDV_0434_0441_051257_085,003.71,S1A_IW_SLC__1SDV_20231117T125133_20231117T125200_051257_062EF9_0C05.zip,IW,2023-11-17,14TMT
26,"POLYGON ((-98.391029 47.718895, -97.90052 49.332058, -101.424294 49.734138, -101.800789 48.119385, -98.391029 47.718895))",48.7393,-99.8736,2023-11-17T12:51:36.084Z,S1A_IW_SLC__1SDV_20231117T125109_20231117T125136_051257_062EF9_125A-SLC,DESCENDING,85,SLC,https://datapool.asf.alaska.edu/SLC/SA/S1A_IW_SLC__1SDV_20231117T125109_20231117T125136_051257_062EF9_125A.zip,2023-11-17 12:51:09.119000+00:00,S1A_IW_SLC__1SDV_20231117T125109_20231117T125136_051257_062EF9_125A,,Sentinel-1A,7975268763,55d3f3c0e2d60914a11c39ffe024bef3,430,SENTINEL_1A_FRAME,51257,VV+VH,2023-11-17T12:51:09.119Z,C-SAR,S1A_IWDV_0429_0436_051257_085,003.71,S1A_IW_SLC__1SDV_20231117T125109_20231117T125136_051257_062EF9_125A.zip,IW,2023-11-17,14TMT
32,"POLYGON ((-98.827019 46.234398, -98.354042 47.848881, -101.771423 48.249283, -102.139061 46.633755, -98.827019 46.234398))",47.2541,-100.2677,2023-11-05T12:52:01.070Z,S1A_IW_SLC__1SDV_20231105T125134_20231105T125201_051082_0628EA_3E1B-SLC,DESCENDING,85,SLC,https://datapool.asf.alaska.edu/SLC/SA/S1A_IW_SLC__1SDV_20231105T125134_20231105T125201_051082_0628EA_3E1B.zip,2023-11-05 12:51:34.105000+00:00,S1A_IW_SLC__1SDV_20231105T125134_20231105T125201_051082_0628EA_3E1B,,Sentinel-1A,7975544150,e3f05b157a698b1bb06f219a373b316f,435,SENTINEL_1A_FRAME,51082,VV+VH,2023-11-05T12:51:34.105Z,C-SAR,S1A_IWDV_0434_0441_051082_085,003.71,S1A_IW_SLC__1SDV_20231105T125134_20231105T125201_051082_0628EA_3E1B.zip,IW,2023-11-05,14TMT
33,"POLYGON ((-98.389656 47.720341, -97.899048 49.333752, -101.422874 49.735836, -101.799454 48.120834, -98.389656 47.720341))",48.7409,-99.8722,2023-11-05T12:51:36.247Z,S1A_IW_SLC__1SDV_20231105T125109_20231105T125136_051082_0628EA_ABFB-SLC,DESCENDING,85,SLC,https://datapool.asf.alaska.edu/SLC/SA/S1A_IW_SLC__1SDV_20231105T125109_20231105T125136_051082_0628EA_ABFB.zip,2023-11-05 12:51:09.278000+00:00,S1A_IW_SLC__1SDV_20231105T125109_20231105T125136_051082_0628EA_ABFB,,Sentinel-1A,7975478452,9b50b39f04f23a59f81d5b061cb47fca,430,SENTINEL_1A_FRAME,51082,VV+VH,2023-11-05T12:51:09.278Z,C-SAR,S1A_IWDV_0429_0436_051082_085,003.71,S1A_IW_SLC__1SDV_20231105T125109_20231105T125136_051082_0628EA_ABFB.zip,IW,2023-11-05,14TMT
39,"POLYGON ((-98.826851 46.234005, -98.353928 47.84837, -101.771202 48.248764, -102.138809 46.633358, -98.826851 46.234005))",47.2536,-100.2675,2023-10-24T12:52:01.396Z,S1A_IW_SLC__1SDV_20231024T125134_20231024T125201_050907_0622ED_58BD-SLC,DESCENDING,85,SLC,https://datapool.asf.alaska.edu/SLC/SA/S1A_IW_SLC__1SDV_20231024T125134_20231024T125201_050907_0622ED_58BD.zip,2023-10-24 12:51:34.433000+00:00,S1A_IW_SLC__1SDV_20231024T125134_20231024T125201_050907_0622ED_58BD,,Sentinel-1A,7975735224,2a8fb92c631ac2dc5941540228dedb98,435,SENTINEL_1A_FRAME,50907,VV+VH,2023-10-24T12:51:34.433Z,C-SAR,S1A_IWDV_0435_0440_050907_085,003.71,S1A_IW_SLC__1SDV_20231024T125134_20231024T125201_050907_0622ED_58BD.zip,IW,2023-10-24,14TMT
40,"POLYGON ((-98.389542 47.71983, -97.899025 49.333, -101.422722 49.735077, -101.79924 48.120319, -98.389542 47.71983))",48.7402,-99.8721,2023-10-24T12:51:36.575Z,S1A_IW_SLC__1SDV_20231024T125109_20231024T125136_050907_0622ED_A11F-SLC,DESCENDING,85,SLC,https://datapool.asf.alaska.edu/SLC/SA/S1A_IW_SLC__1SDV_20231024T125109_20231024T125136_050907_0622ED_A11F.zip,2023-10-24 12:51:09.610000+00:00,S1A_IW_SLC__1SDV_20231024T125109_20231024T125136_050907_0622ED_A11F,,Sentinel-1A,7975605205,f249aaf2125dcc485136f109b464d953,430,SENTINEL_1A_FRAME,50907,VV+VH,2023-10-24T12:51:09.610Z,C-SAR,S1A_IWDV_0430_0435_050907_085,003.71,S1A_IW_SLC__1SDV_20231024T125109_20231024T125136_050907_0622ED_A11F.zip,IW,2023-10-24,14TMT
46,"POLYGON ((-98.824677 46.233765, -98.351746 47.848251, -101.769142 48.248634, -102.136742 46.633106, -98.824677 46.233765))",47.2534,-100.2654,2023-10-12T12:52:00.913Z,S1A_IW_SLC__1SDV_20231012T125133_20231012T125200_050732_061CF4_7A33-SLC,DESCENDING,85,SLC,https://datapool.asf.alaska.edu/SLC/SA/S1A_IW_SLC__1SDV_20231012T125133_20231012T125200_050732_061CF4_7A33.zip,2023-10-12 12:51:33.948000+00:00,S1A_IW_SLC__1SDV_20231012T125133_20231012T125200_050732_061CF4_7A33,,Sentinel-1A,7975630554,d9c6d18b074f79240b0fa4b621462e1e,435,SENTINEL_1A_FRAME,50732,VV+VH,2023-10-12T12:51:33.948Z,C-SAR,S1A_IWDV_0434_0441_050732_085,003.61,S1A_IW_SLC__1SDV_20231012T125133_20231012T125200_050732_061CF4_7A33.zip,IW,2023-10-12,14TMT
47,"POLYGON ((-98.387329 47.719837, -97.896835 49.333008, -101.42067 49.735069, -101.79715 48.120312, -98.387329 47.719837))",48.7402,-99.8699,2023-10-12T12:51:36.088Z,S1A_IW_SLC__1SDV_20231012T125109_20231012T125136_050732_061CF4_2BD4-SLC,DESCENDING,85,SLC,https://datapool.asf.alaska.edu/SLC/SA/S1A_IW_SLC__1SDV_20231012T125109_20231012T125136_050732_061CF4_2BD4.zip,2023-10-12 12:51:09.123000+00:00,S1A_IW_SLC__1SDV_20231012T125109_20231012T125136_050732_061CF4_2BD4,,Sentinel-1A,7975628537,6c6120142a33b97604949e424faeef17,430,SENTINEL_1A_FRAME,50732,VV+VH,2023-10-12T12:51:09.123Z,C-SAR,S1A_IWDV_0429_0436_050732_085,003.61,S1A_IW_SLC__1SDV_20231012T125109_20231012T125136_050732_061CF4_2BD4.zip,IW,2023-10-12,14TMT
53,"POLYGON ((-98.828453 46.233913, -98.35556 47.848412, -101.772804 48.248741, -102.140366 46.633202, -98.828453 46.233913))",47.2536,-100.2691,2023-09-30T12:52:01.469Z,S1A_IW_SLC__1SDV_20230930T125134_20230930T125201_050557_0616F4_0B34-SLC,DESCENDING,85,SLC,https://datapool.asf.alaska.edu/SLC/SA/S1A_IW_SLC__1SDV_20230930T125134_20230930T125201_050557_0616F4_0B34.zip,2023-09-30 12:51:34.504000+00:00,S1A_IW_SLC__1SDV_20230930T125134_20230930T125201_050557_0616F4_0B34,,Sentinel-1A,7975761949,3ed3d3338c6736e67e0a82444982a512,435,SENTINEL_1A_FRAME,50557,VV+VH,2023-09-30T12:51:34.504Z,C-SAR,S1A_IWDV_0434_0441_050557_085,003.61,S1A_IW_SLC__1SDV_20230930T125134_20230930T125201_050557_0616F4_0B34.zip,IW,2023-09-30,14TMT
54,"POLYGON ((-98.391174 47.719872, -97.900734 49.333054, -101.424385 49.735062, -101.800827 48.120296, -98.391174 47.719872))",48.7403,-99.8737,2023-09-30T12:51:36.646Z,S1A_IW_SLC__1SDV_20230930T125109_20230930T125136_050557_0616F4_7871-SLC,DESCENDING,85,SLC,https://datapool.asf.alaska.edu/SLC/SA/S1A_IW_SLC__1SDV_20230930T125109_20230930T125136_050557_0616F4_7871.zip,2023-09-30 12:51:09.681000+00:00,S1A_IW_SLC__1SDV_20230930T125109_20230930T125136_050557_0616F4_7871,,Sentinel-1A,7975636497,db66bf80bdd2f556fd9a32dc0d2b67ba,430,SENTINEL_1A_FRAME,50557,VV+VH,2023-09-30T12:51:09.681Z,C-SAR,S1A_IWDV_0429_0436_050557_085,003.61,S1A_IW_SLC__1SDV_20230930T125109_20230930T125136_050557_0616F4_7871.zip,IW,2023-09-30,14TMT
60,"POLYGON ((-98.828514 46.234142, -98.355598 47.84877, -101.772774 48.249096, -102.140373 46.633427, -98.828514 46.234142))",47.2538,-100.2691,2023-09-18T12:52:01.183Z,S1A_IW_SLC__1SDV_20230918T125134_20230918T125201_050382_0610F9_B0E6-SLC,DESCENDING,85,SLC,https://datapool.asf.alaska.edu/SLC/SA/S1A_IW_SLC__1SDV_20230918T125134_20230918T125201_050382_0610F9_B0E6.zip,2023-09-18 12:51:34.216000+00:00,S1A_IW_SLC__1SDV_20230918T125134_20230918T125201_050382_0610F9_B0E6,,Sentinel-1A,4264564401,380d459ea3e5472eec9218f0e951a6bd,435,SENTINEL_1A_FRAME,50382,VV+VH,2023-09-18T12:51:34.216Z,C-SAR,S1A_IWDV_0434_0441_050382_085,003.61,S1A_IW_SLC__1SDV_20230918T125134_20230918T125201_050382_0610F9_B0E6.zip,IW,2023-09-18,14TMT
61,"POLYGON ((-98.391205 47.72023, -97.900688 49.33366, -101.424294 49.735664, -101.800797 48.120647, -98.391205 47.72023))",48.7407,-99.8737,2023-09-18T12:51:36.358Z,S1A_IW_SLC__1SDV_20230918T125109_20230918T125136_050382_0610F9_6974-SLC,DESCENDING,85,SLC,https://datapool.asf.alaska.edu/SLC/SA/S1A_IW_SLC__1SDV_20230918T125109_20230918T125136_050382_0610F9_6974.zip,2023-09-18 12:51:09.389000+00:00,S1A_IW_SLC__1SDV_20230918T125109_20230918T125136_050382_0610F9_6974,,Sentinel-1A,4253659535,14c5f690eb367b09ff46311d30c0c107,430,SENTINEL_1A_FRAME,50382,VV+VH,2023-09-18T12:51:09.389Z,C-SAR,S1A_IWDV_0429_0436_050382_085,003.61,S1A_IW_SLC__1SDV_20230918T125109_20230918T125136_050382_0610F9_6974.zip,IW,2023-09-18,14TMT
65,"POLYGON ((-98.827637 46.233883, -98.354645 47.848515, -101.771591 48.248875, -102.139259 46.633205, -98.827637 46.233883))",47.2536,-100.2681,2023-09-06T12:52:00.658Z,S1A_IW_SLC__1SDV_20230906T125133_20230906T125200_050207_060B04_4218-SLC,DESCENDING,85,SLC,https://datapool.asf.alaska.edu/SLC/SA/S1A_IW_SLC__1SDV_20230906T125133_20230906T125200_050207_060B04_4218.zip,2023-09-06 12:51:33.691000+00:00,S1A_IW_SLC__1SDV_20230906T125133_20230906T125200_050207_060B04_4218,,Sentinel-1A,4520324465,44ba6bc60dcc34467098f45eba62c450,435,SENTINEL_1A_FRAME,50207,VV+VH,2023-09-06T12:51:33.691Z,C-SAR,S1A_IWDV_0434_0441_050207_085,003.61,S1A_IW_SLC__1SDV_20230906T125133_20230906T125200_050207_060B04_4218.zip,IW,2023-09-06,14TMT
66,"POLYGON ((-98.390266 47.719971, -97.899597 49.333652, -101.422981 49.735695, -101.799622 48.120426, -98.390266 47.719971))",48.7406,-99.8726,2023-09-06T12:51:35.833Z,S1A_IW_SLC__1SDV_20230906T125108_20230906T125135_050207_060B04_32FF-SLC,DESCENDING,85,SLC,https://datapool.asf.alaska.edu/SLC/SA/S1A_IW_SLC__1SDV_20230906T125108_20230906T125135_050207_060B04_32FF.zip,2023-09-06 12:51:08.860000+00:00,S1A_IW_SLC__1SDV_20230906T125108_20230906T125135_050207_060B04_32FF,,Sentinel-1A,4471172049,691b7138f45ca81ce03a11a4d4e565e5,430,SENTINEL_1A_FRAME,50207,VV+VH,2023-09-06T12:51:08.860Z,C-SAR,S1A_IWDV_0429_0436_050207_085,003.61,S1A_IW_SLC__1SDV_20230906T125108_20230906T125135_050207_060B04_32FF.zip,IW,2023-09-06,14TMT
72,"POLYGON ((-98.827988 46.23288, -98.355087 47.847263, -101.772003 48.247631, -102.139603 46.632206, -98.827988 46.23288))",47.2525,-100.2685,2023-08-25T12:52:00.079Z,S1A_IW_SLC__1SDV_20230825T125133_20230825T125200_050032_060506_47A3-SLC,DESCENDING,85,SLC,https://datapool.asf.alaska.edu/SLC/SA/S1A_IW_SLC__1SDV_20230825T125133_20230825T125200_050032_060506_47A3.zip,2023-08-25 12:51:33.116000+00:00,S1A_IW_SLC__1SDV_20230825T125133_20230825T125200_050032_060506_47A3,,Sentinel-1A,4597647746,20bafa8f5503b41a63f3ff15be82c731,435,SENTINEL_1A_FRAME,50032,VV+VH,2023-08-25T12:51:33.116Z,C-SAR,S1A_IWDV_0434_0441_050032_085,003.61,S1A_IW_SLC__1SDV_20230825T125133_20230825T125200_050032_060506_47A3.zip,IW,2023-08-25,14TMT
73,"POLYGON ((-98.390694 47.718723, -97.900246 49.331791, -101.423508 49.733833, -101.799988 48.119179, -98.390694 47.718723))",48.7391,-99.873,2023-08-25T12:51:35.258Z,S1A_IW_SLC__1SDV_20230825T125108_20230825T125135_050032_060506_58C8-SLC,DESCENDING,85,SLC,https://datapool.asf.alaska.edu/SLC/SA/S1A_IW_SLC__1SDV_20230825T125108_20230825T125135_050032_060506_58C8.zip,2023-08-25 12:51:08.296000+00:00,S1A_IW_SLC__1SDV_20230825T125108_20230825T125135_050032_060506_58C8,,Sentinel-1A,4628421942,41ade343a13dbbf80aadc8d87c6d39f5,430,SENTINEL_1A_FRAME,50032,VV+VH,2023-08-25T12:51:08.296Z,C-SAR,S1A_IWDV_0429_0436_050032_085,003.61,S1A_IW_SLC__1SDV_20230825T125108_20230825T125135_050032_060506_58C8.zip,IW,2023-08-25,14TMT
79,"POLYGON ((-98.826759 46.232777, -98.353905 47.84716, -101.770851 48.247498, -102.138412 46.632072, -98.826759 46.232777))",47.2524,-100.2673,2023-08-13T12:51:59.123Z,S1A_IW_SLC__1SDV_20230813T125132_20230813T125159_049857_05FF14_BEAF-SLC,DESCENDING,85,SLC,https://datapool.asf.alaska.edu/SLC/SA/S1A_IW_SLC__1SDV_20230813T125132_20230813T125159_049857_05FF14_BEAF.zip,2023-08-13 12:51:32.161000+00:00,S1A_IW_SLC__1SDV_20230813T125132_20230813T125159_049857_05FF14_BEAF,,Sentinel-1A,4677583808,f1eff010c91451d246389e3b8f51460b,435,SENTINEL_1A_FRAME,49857,VV+VH,2023-08-13T12:51:32.161Z,C-SAR,S1A_IWDV_0434_0441_049857_085,003.61,S1A_IW_SLC__1SDV_20230813T125132_20230813T125159_049857_05FF14_BEAF.zip,IW,2023-08-13,14TMT
80,"POLYGON ((-98.389473 47.718742, -97.898918 49.332302, -101.42234 49.734322, -101.798897 48.119175, -98.389473 47.718742))",48.7393,-99.8718,2023-08-13T12:51:34.300Z,S1A_IW_SLC__1SDV_20230813T125107_20230813T125134_049857_05FF14_0DD6-SLC,DESCENDING,85,SLC,https://datapool.asf.alaska.edu/SLC/SA/S1A_IW_SLC__1SDV_20230813T125107_20230813T125134_049857_05FF14_0DD6.zip,2023-08-13 12:51:07.329000+00:00,S1A_IW_SLC__1SDV_20230813T125107_20230813T125134_049857_05FF14_0DD6,,Sentinel-1A,4675608424,5cfa732fc3f6f6d2c522702b56a6bedb,430,SENTINEL_1A_FRAME,49857,VV+VH,2023-08-13T12:51:07.329Z,C-SAR,S1A_IWDV_0429_0436_049857_085,003.61,S1A_IW_SLC__1SDV_20230813T125107_20230813T125134_049857_05FF14_0DD6.zip,IW,2023-08-13,14TMT
84,"POLYGON ((-98.82872 46.233135, -98.35585 47.847786, -101.772598 48.248024, -102.14016 46.632336, -98.82872 46.233135))",47.2528,-100.2692,2023-08-01T12:51:58.526Z,S1A_IW_SLC__1SDV_20230801T125131_20230801T125158_049682_05F965_4D09-SLC,DESCENDING,85,SLC,https://datapool.asf.alaska.edu/SLC/SA/S1A_IW_SLC__1SDV_20230801T125131_20230801T125158_049682_05F965_4D09.zip,2023-08-01 12:51:31.559000+00:00,S1A_IW_SLC__1SDV_20230801T125131_20230801T125158_049682_05F965_4D09,,Sentinel-1A,4502018336,3b54bdc274ee9bfebffedaaa2b5e75ff,435,SENTINEL_1A_FRAME,49682,VV+VH,2023-08-01T12:51:31.559Z,C-SAR,S1A_IWDV_0434_0441_049682_085,003.61,S1A_IW_SLC__1SDV_20230801T125131_20230801T125158_049682_05F965_4D09.zip,IW,2023-08-01,14TMT
85,"POLYGON ((-98.391457 47.719242, -97.900993 49.332699, -101.424156 49.734615, -101.800621 48.119576, -98.391457 47.719242))",48.7397,-99.8737,2023-08-01T12:51:33.701Z,S1A_IW_SLC__1SDV_20230801T125106_20230801T125133_049682_05F965_9EF2-SLC,DESCENDING,85,SLC,https://datapool.asf.alaska.edu/SLC/SA/S1A_IW_SLC__1SDV_20230801T125106_20230801T125133_049682_05F965_9EF2.zip,2023-08-01 12:51:06.732000+00:00,S1A_IW_SLC__1SDV_20230801T125106_20230801T125133_049682_05F965_9EF2,,Sentinel-1A,4598877096,b1b8bb7e1b4772cba66b70ec5a34b071,430,SENTINEL_1A_FRAME,49682,VV+VH,2023-08-01T12:51:06.732Z,C-SAR,S1A_IWDV_0429_0436_049682_085,003.61,S1A_IW_SLC__1SDV_20230801T125106_20230801T125133_049682_05F965_9EF2.zip,IW,2023-08-01,14TMT
91,"POLYGON ((-98.828499 46.233135, -98.355667 47.847652, -101.77269 48.247929, -102.140213 46.632374, -98.828499 46.233135))",47.2528,-100.2691,2023-07-20T12:51:57.917Z,S1A_IW_SLC__1SDV_20230720T125130_20230720T125157_049507_05F3F9_27A5-SLC,DESCENDING,85,SLC,https://datapool.asf.alaska.edu/SLC/SA/S1A_IW_SLC__1SDV_20230720T125130_20230720T125157_049507_05F3F9_27A5.zip,2023-07-20 12:51:30.952000+00:00,S1A_IW_SLC__1SDV_20230720T125130_20230720T125157_049507_05F3F9_27A5,,Sentinel-1A,4435037709,3e032f96bfd6be059b9b48bea2f5f5a2,435,SENTINEL_1A_FRAME,49507,VV+VH,2023-07-20T12:51:30.952Z,C-SAR,S1A_IWDV_0434_0441_049507_085,003.61,S1A_IW_SLC__1SDV_20230720T125130_20230720T125157_049507_05F3F9_27A5.zip,IW,2023-07-20,14TMT
92,"POLYGON ((-98.391273 47.719109, -97.900772 49.332676, -101.424225 49.734631, -101.800713 48.11948, -98.391273 47.719109))",48.7397,-99.8737,2023-07-20T12:51:33.094Z,S1A_IW_SLC__1SDV_20230720T125106_20230720T125133_049507_05F3F9_3A48-SLC,DESCENDING,85,SLC,https://datapool.asf.alaska.edu/SLC/SA/S1A_IW_SLC__1SDV_20230720T125106_20230720T125133_049507_05F3F9_3A48.zip,2023-07-20 12:51:06.123000+00:00,S1A_IW_SLC__1SDV_20230720T125106_20230720T125133_049507_05F3F9_3A48,,Sentinel-1A,4556635081,78151ecda3d36ceb8912a3a3f4c43aaa,430,SENTINEL_1A_FRAME,49507,VV+VH,2023-07-20T12:51:06.123Z,C-SAR,S1A_IWDV_0429_0436_049507_085,003.61,S1A_IW_SLC__1SDV_20230720T125106_20230720T125133_049507_05F3F9_3A48.zip,IW,2023-07-20,14TMT
98,"POLYGON ((-98.828651 46.232849, -98.355797 47.84724, -101.772667 48.24757, -102.140236 46.632141, -98.828651 46.232849))",47.2524,-100.2692,2023-07-08T12:51:57.436Z,S1A_IW_SLC__1SDV_20230708T125130_20230708T125157_049332_05EEA6_8B12-SLC,DESCENDING,85,SLC,https://datapool.asf.alaska.edu/SLC/SA/S1A_IW_SLC__1SDV_20230708T125130_20230708T125157_049332_05EEA6_8B12.zip,2023-07-08 12:51:30.474000+00:00,S1A_IW_SLC__1SDV_20230708T125130_20230708T125157_049332_05EEA6_8B12,,Sentinel-1A,4360622339,7dbe7b4351cf67c519b3b8ed26b01ffb,435,SENTINEL_1A_FRAME,49332,VV+VH,2023-07-08T12:51:30.474Z,C-SAR,S1A_IWDV_0434_0441_049332_085,003.61,S1A_IW_SLC__1SDV_20230708T125130_20230708T125157_049332_05EEA6_8B12.zip,IW,2023-07-08,14TMT
99,"POLYGON ((-98.391365 47.718822, -97.900879 49.332138, -101.424164 49.734146, -101.800667 48.119244, -98.391365 47.718822))",48.7393,-99.8737,2023-07-08T12:51:32.613Z,S1A_IW_SLC__1SDV_20230708T125105_20230708T125132_049332_05EEA6_6541-SLC,DESCENDING,85,SLC,https://datapool.asf.alaska.edu/SLC/SA/S1A_IW_SLC__1SDV_20230708T125105_20230708T125132_049332_05EEA6_6541.zip,2023-07-08 12:51:05.647000+00:00,S1A_IW_SLC__1SDV_20230708T125105_20230708T125132_049332_05EEA6_6541,,Sentinel-1A,4440185199,4a78087297db8f34a3ed8bf353c5afaf,430,SENTINEL_1A_FRAME,49332,VV+VH,2023-07-08T12:51:05.647Z,C-SAR,S1A_IWDV_0429_0436_049332_085,003.61,S1A_IW_SLC__1SDV_20230708T125105_20230708T125132_049332_05EEA6_6541.zip,IW,2023-07-08,14TMT
105,"POLYGON ((-98.826172 46.233372, -98.353317 47.847763, -101.77021 48.248081, -102.137772 46.632648, -98.826172 46.233372))",47.253,-100.2667,2023-06-26T12:51:56.027Z,S1A_IW_SLC__1SDV_20230626T125129_20230626T125156_049157_05E93E_2A7F-SLC,DESCENDING,85,SLC,https://datapool.asf.alaska.edu/SLC/SA/S1A_IW_SLC__1SDV_20230626T125129_20230626T125156_049157_05E93E_2A7F.zip,2023-06-26 12:51:29.064000+00:00,S1A_IW_SLC__1SDV_20230626T125129_20230626T125156_049157_05E93E_2A7F,,Sentinel-1A,4482077906,a5dc85f2c2962a9e3460c9adf3f53b37,435,SENTINEL_1A_FRAME,49157,VV+VH,2023-06-26T12:51:29.064Z,C-SAR,S1A_IWDV_0434_0441_049157_085,003.61,S1A_IW_SLC__1SDV_20230626T125129_20230626T125156_049157_05E93E_2A7F.zip,IW,2023-06-26,14TMT
106,"POLYGON ((-98.388931 47.719219, -97.898407 49.332664, -101.421715 49.734661, -101.798241 48.119633, -98.388931 47.719219))",48.7397,-99.8713,2023-06-26T12:51:31.206Z,S1A_IW_SLC__1SDV_20230626T125104_20230626T125131_049157_05E93E_601C-SLC,DESCENDING,85,SLC,https://datapool.asf.alaska.edu/SLC/SA/S1A_IW_SLC__1SDV_20230626T125104_20230626T125131_049157_05E93E_601C.zip,2023-06-26 12:51:04.237000+00:00,S1A_IW_SLC__1SDV_20230626T125104_20230626T125131_049157_05E93E_601C,,Sentinel-1A,4512875994,7dc3a26a90da9e10dad6ccd062156d68,430,SENTINEL_1A_FRAME,49157,VV+VH,2023-06-26T12:51:04.237Z,C-SAR,S1A_IWDV_0429_0436_049157_085,003.61,S1A_IW_SLC__1SDV_20230626T125104_20230626T125131_049157_05E93E_601C.zip,IW,2023-06-26,14TMT
112,"POLYGON ((-98.829323 46.233192, -98.356514 47.847595, -101.773315 48.247849, -102.140823 46.632412, -98.829323 46.233192))",47.2527,-100.2698,2023-06-14T12:51:55.831Z,S1A_IW_SLC__1SDV_20230614T125128_20230614T125155_048982_05E3F0_0831-SLC,DESCENDING,85,SLC,https://datapool.asf.alaska.edu/SLC/SA/S1A_IW_SLC__1SDV_20230614T125128_20230614T125155_048982_05E3F0_0831.zip,2023-06-14 12:51:28.869000+00:00,S1A_IW_SLC__1SDV_20230614T125128_20230614T125155_048982_05E3F0_0831,,Sentinel-1A,4206537066,4decfd51bf44589dfd1016288e850f91,435,SENTINEL_1A_FRAME,48982,VV+VH,2023-06-14T12:51:28.869Z,C-SAR,S1A_IWDV_0434_0441_048982_085,003.61,S1A_IW_SLC__1SDV_20230614T125128_20230614T125155_048982_05E3F0_0831.zip,IW,2023-06-14,14TMT
113,"POLYGON ((-98.392082 47.719173, -97.901649 49.3325, -101.424911 49.734436, -101.801353 48.119526, -98.392082 47.719173))",48.7396,-99.8744,2023-06-14T12:51:31.008Z,S1A_IW_SLC__1SDV_20230614T125104_20230614T125131_048982_05E3F0_F2B6-SLC,DESCENDING,85,SLC,https://datapool.asf.alaska.edu/SLC/SA/S1A_IW_SLC__1SDV_20230614T125104_20230614T125131_048982_05E3F0_F2B6.zip,2023-06-14 12:51:04.042000+00:00,S1A_IW_SLC__1SDV_20230614T125104_20230614T125131_048982_05E3F0_F2B6,,Sentinel-1A,4310438002,a75fe2fe1cd91a00bd481f136242a275,430,SENTINEL_1A_FRAME,48982,VV+VH,2023-06-14T12:51:04.042Z,C-SAR,S1A_IWDV_0430_0435_048982_085,003.61,S1A_IW_SLC__1SDV_20230614T125104_20230614T125131_048982_05E3F0_F2B6.zip,IW,2023-06-14,14TMT
119,"POLYGON ((-98.829346 46.23391, -98.356506 47.848427, -101.773453 48.248699, -102.140991 46.633141, -98.829346 46.23391))",47.2535,-100.2699,2023-06-02T12:51:55.195Z,S1A_IW_SLC__1SDV_20230602T125128_20230602T125155_048807_05DE94_E893-SLC,DESCENDING,85,SLC,https://datapool.asf.alaska.edu/SLC/SA/S1A_IW_SLC__1SDV_20230602T125128_20230602T125155_048807_05DE94_E893.zip,2023-06-02 12:51:28.230000+00:00,S1A_IW_SLC__1SDV_20230602T125128_20230602T125155_048807_05DE94_E893,,Sentinel-1A,4247594207,5e36854eda1211e5f6bf5880e3f680af,435,SENTINEL_1A_FRAME,48807,VV+VH,2023-06-02T12:51:28.230Z,C-SAR,S1A_IWDV_0434_0441_048807_085,003.61,S1A_IW_SLC__1SDV_20230602T125128_20230602T125155_048807_05DE94_E893.zip,IW,2023-06-02,14TMT
120,"POLYGON ((-98.392075 47.720009, -97.901634 49.333332, -101.425011 49.735279, -101.801453 48.120373, -98.392075 47.720009))",48.7404,-99.8745,2023-06-02T12:51:30.370Z,S1A_IW_SLC__1SDV_20230602T125103_20230602T125130_048807_05DE94_135A-SLC,DESCENDING,85,SLC,https://datapool.asf.alaska.edu/SLC/SA/S1A_IW_SLC__1SDV_20230602T125103_20230602T125130_048807_05DE94_135A.zip,2023-06-02 12:51:03.403000+00:00,S1A_IW_SLC__1SDV_20230602T125103_20230602T125130_048807_05DE94_135A,,Sentinel-1A,4306980240,65353e5640f330cbda1c3d33f20d7247,430,SENTINEL_1A_FRAME,48807,VV+VH,2023-06-02T12:51:03.403Z,C-SAR,S1A_IWDV_0429_0436_048807_085,003.61,S1A_IW_SLC__1SDV_20230602T125103_20230602T125130_048807_05DE94_135A.zip,IW,2023-06-02,14TMT
126,"POLYGON ((-98.829689 46.234104, -98.35685 47.848625, -101.773781 48.248875, -102.141312 46.633316, -98.829689 46.234104))",47.2537,-100.2702,2023-05-21T12:51:54.732Z,S1A_IW_SLC__1SDV_20230521T125127_20230521T125154_048632_05D963_7911-SLC,DESCENDING,85,SLC,https://datapool.asf.alaska.edu/SLC/SA/S1A_IW_SLC__1SDV_20230521T125127_20230521T125154_048632_05D963_7911.zip,2023-05-21 12:51:27.767000+00:00,S1A_IW_SLC__1SDV_20230521T125127_20230521T125154_048632_05D963_7911,,Sentinel-1A,4110855113,f0a92ac2c2c586f9f0d49deb5080b1c7,435,SENTINEL_1A_FRAME,48632,VV+VH,2023-05-21T12:51:27.767Z,C-SAR,S1A_IWDV_0434_0441_048632_085,003.61,S1A_IW_SLC__1SDV_20230521T125127_20230521T125154_048632_05D963_7911.zip,IW,2023-05-21,14TMT
127,"POLYGON ((-98.392479 47.720085, -97.902054 49.333412, -101.425385 49.735336, -101.801819 48.120426, -98.392479 47.720085))",48.7405,-99.8749,2023-05-21T12:51:29.909Z,S1A_IW_SLC__1SDV_20230521T125102_20230521T125129_048632_05D963_10A1-SLC,DESCENDING,85,SLC,https://datapool.asf.alaska.edu/SLC/SA/S1A_IW_SLC__1SDV_20230521T125102_20230521T125129_048632_05D963_10A1.zip,2023-05-21 12:51:02.942000+00:00,S1A_IW_SLC__1SDV_20230521T125102_20230521T125129_048632_05D963_10A1,,Sentinel-1A,4213880943,7a3ee39dd410b50283420f8ab1e807d7,430,SENTINEL_1A_FRAME,48632,VV+VH,2023-05-21T12:51:02.942Z,C-SAR,S1A_IWDV_0429_0436_048632_085,003.61,S1A_IW_SLC__1SDV_20230521T125102_20230521T125129_048632_05D963_10A1.zip,IW,2023-05-21,14TMT
133,"POLYGON ((-98.828506 46.234203, -98.355675 47.848595, -101.772629 48.248882, -102.14016 46.63345, -98.828506 46.234203))",47.2538,-100.2691,2023-05-09T12:51:53.956Z,S1A_IW_SLC__1SDV_20230509T125126_20230509T125153_048457_05D435_3221-SLC,DESCENDING,85,SLC,https://datapool.asf.alaska.edu/SLC/SA/S1A_IW_SLC__1SDV_20230509T125126_20230509T125153_048457_05D435_3221.zip,2023-05-09 12:51:26.993000+00:00,S1A_IW_SLC__1SDV_20230509T125126_20230509T125153_048457_05D435_3221,,Sentinel-1A,4303728176,307de291cb755e8035ba256d6286cff8,435,SENTINEL_1A_FRAME,48457,VV+VH,2023-05-09T12:51:26.993Z,C-SAR,S1A_IWDV_0434_0441_048457_085,003.61,S1A_IW_SLC__1SDV_20230509T125126_20230509T125153_048457_05D435_3221.zip,IW,2023-05-09,14TMT
134,"POLYGON ((-98.391281 47.720055, -97.900864 49.333252, -101.424217 49.735214, -101.800659 48.12043, -98.391281 47.720055))",48.7404,-99.8737,2023-05-09T12:51:29.135Z,S1A_IW_SLC__1SDV_20230509T125102_20230509T125129_048457_05D435_8C02-SLC,DESCENDING,85,SLC,https://datapool.asf.alaska.edu/SLC/SA/S1A_IW_SLC__1SDV_20230509T125102_20230509T125129_048457_05D435_8C02.zip,2023-05-09 12:51:02.170000+00:00,S1A_IW_SLC__1SDV_20230509T125102_20230509T125129_048457_05D435_8C02,,Sentinel-1A,4386417134,43511ddd14d9e07f9675bcd57341737f,430,SENTINEL_1A_FRAME,48457,VV+VH,2023-05-09T12:51:02.170Z,C-SAR,S1A_IWDV_0429_0436_048457_085,003.61,S1A_IW_SLC__1SDV_20230509T125102_20230509T125129_048457_05D435_8C02.zip,IW,2023-05-09,14TMT
140,"POLYGON ((-98.826843 46.234119, -98.353943 47.848503, -101.77095 48.248875, -102.138557 46.63345, -98.826843 46.234119))",47.2537,-100.2674,2023-04-27T12:51:53.323Z,S1A_IW_SLC__1SDV_20230427T125126_20230427T125153_048282_05CE60_8839-SLC,DESCENDING,85,SLC,https://datapool.asf.alaska.edu/SLC/SA/S1A_IW_SLC__1SDV_20230427T125126_20230427T125153_048282_05CE60_8839.zip,2023-04-27 12:51:26.361000+00:00,S1A_IW_SLC__1SDV_20230427T125126_20230427T125153_048282_05CE60_8839,,Sentinel-1A,4194822198,3d94756bb516412423e65fbfd9c4f571,435,SENTINEL_1A_FRAME,48282,VV+VH,2023-04-27T12:51:26.361Z,C-SAR,S1A_IWDV_0434_0441_048282_085,003.61,S1A_IW_SLC__1SDV_20230427T125126_20230427T125153_048282_05CE60_8839.zip,IW,2023-04-27,14TMT
141,"POLYGON ((-98.389519 47.720085, -97.899063 49.333149, -101.42247 49.735199, -101.798958 48.120548, -98.389519 47.720085))",48.7404,-99.8719,2023-04-27T12:51:28.500Z,S1A_IW_SLC__1SDV_20230427T125101_20230427T125128_048282_05CE60_09F2-SLC,DESCENDING,85,SLC,https://datapool.asf.alaska.edu/SLC/SA/S1A_IW_SLC__1SDV_20230427T125101_20230427T125128_048282_05CE60_09F2.zip,2023-04-27 12:51:01.538000+00:00,S1A_IW_SLC__1SDV_20230427T125101_20230427T125128_048282_05CE60_09F2,,Sentinel-1A,4414476038,4c3f717671d95bbe00859f477d58593f,430,SENTINEL_1A_FRAME,48282,VV+VH,2023-04-27T12:51:01.538Z,C-SAR,S1A_IWDV_0429_0436_048282_085,003.61,S1A_IW_SLC__1SDV_20230427T125101_20230427T125128_048282_05CE60_09F2.zip,IW,2023-04-27,14TMT
147,"POLYGON ((-98.829506 46.233639, -98.356575 47.848289, -101.773224 48.248562, -102.140846 46.632874, -98.829506 46.233639))",47.2533,-100.2699,2023-04-15T12:51:53.059Z,S1A_IW_SLC__1SDV_20230415T125126_20230415T125153_048107_05C884_0DCA-SLC,DESCENDING,85,SLC,https://datapool.asf.alaska.edu/SLC/SA/S1A_IW_SLC__1SDV_20230415T125126_20230415T125153_048107_05C884_0DCA.zip,2023-04-15 12:51:26.092000+00:00,S1A_IW_SLC__1SDV_20230415T125126_20230415T125153_048107_05C884_0DCA,,Sentinel-1A,4078900623,0141b76dfe7d7aeed7061f5d64d65099,435,SENTINEL_1A_FRAME,48107,VV+VH,2023-04-15T12:51:26.092Z,C-SAR,S1A_IWDV_0434_0441_048107_085,003.61,S1A_IW_SLC__1SDV_20230415T125126_20230415T125153_048107_05C884_0DCA.zip,IW,2023-04-15,14TMT
148,"POLYGON ((-98.392181 47.719749, -97.901695 49.33308, -101.424751 49.735031, -101.801254 48.120113, -98.392181 47.719749))",48.7402,-99.8744,2023-04-15T12:51:28.234Z,S1A_IW_SLC__1SDV_20230415T125101_20230415T125128_048107_05C884_29C9-SLC,DESCENDING,85,SLC,https://datapool.asf.alaska.edu/SLC/SA/S1A_IW_SLC__1SDV_20230415T125101_20230415T125128_048107_05C884_29C9.zip,2023-04-15 12:51:01.267000+00:00,S1A_IW_SLC__1SDV_20230415T125101_20230415T125128_048107_05C884_29C9,,Sentinel-1A,4255052573,b10a2cf20c3cea88b5d493e2f10468f9,430,SENTINEL_1A_FRAME,48107,VV+VH,2023-04-15T12:51:01.267Z,C-SAR,S1A_IWDV_0429_0436_048107_085,003.61,S1A_IW_SLC__1SDV_20230415T125101_20230415T125128_048107_05C884_29C9.zip,IW,2023-04-15,14TMT
154,"POLYGON ((-98.830009 46.232841, -98.357132 47.847492, -101.773857 48.247726, -102.141418 46.632038, -98.830009 46.232841))",47.2525,-100.2704,2023-04-03T12:51:52.586Z,S1A_IW_SLC__1SDV_20230403T125125_20230403T125152_047932_05C298_7985-SLC,DESCENDING,85,SLC,https://datapool.asf.alaska.edu/SLC/SA/S1A_IW_SLC__1SDV_20230403T125125_20230403T125152_047932_05C298_7985.zip,2023-04-03 12:51:25.620000+00:00,S1A_IW_SLC__1SDV_20230403T125125_20230403T125152_047932_05C298_7985,,Sentinel-1A,4169693694,3b48b2037a1af374714684782c569751,435,SENTINEL_1A_FRAME,47932,VV+VH,2023-04-03T12:51:25.620Z,C-SAR,S1A_IWDV_0434_0441_047932_085,003.61,S1A_IW_SLC__1SDV_20230403T125125_20230403T125152_047932_05C298_7985.zip,IW,2023-04-03,14TMT
155,"POLYGON ((-98.392761 47.718952, -97.902328 49.332283, -101.425453 49.734192, -101.801895 48.119278, -98.392761 47.718952))",48.7394,-99.8751,2023-04-03T12:51:27.762Z,S1A_IW_SLC__1SDV_20230403T125100_20230403T125127_047932_05C298_DDE8-SLC,DESCENDING,85,SLC,https://datapool.asf.alaska.edu/SLC/SA/S1A_IW_SLC__1SDV_20230403T125100_20230403T125127_047932_05C298_DDE8.zip,2023-04-03 12:51:00.795000+00:00,S1A_IW_SLC__1SDV_20230403T125100_20230403T125127_047932_05C298_DDE8,,Sentinel-1A,4138222265,9f8561abfe7348fdc5abf8e608ae4d27,430,SENTINEL_1A_FRAME,47932,VV+VH,2023-04-03T12:51:00.795Z,C-SAR,S1A_IWDV_0429_0436_047932_085,003.61,S1A_IW_SLC__1SDV_20230403T125100_20230403T125127_047932_05C298_DDE8.zip,IW,2023-04-03,14TMT
159,"POLYGON ((-98.828514 46.233215, -98.355614 47.847858, -101.772476 48.248112, -102.140045 46.632431, -98.828514 46.233215))",47.2529,-100.269,2023-03-22T12:51:51.991Z,S1A_IW_SLC__1SDV_20230322T125125_20230322T125151_047757_05BCBA_92AF-SLC,DESCENDING,85,SLC,https://datapool.asf.alaska.edu/SLC/SA/S1A_IW_SLC__1SDV_20230322T125125_20230322T125151_047757_05BCBA_92AF.zip,2023-03-22 12:51:25.024000+00:00,S1A_IW_SLC__1SDV_20230322T125125_20230322T125151_047757_05BCBA_92AF,,Sentinel-1A,4207323008,965f55a9b2ba2bb4a14782f548394d2e,435,SENTINEL_1A_FRAME,47757,VV+VH,2023-03-22T12:51:25.024Z,C-SAR,S1A_IWDV_0434_0441_047757_085,003.52,S1A_IW_SLC__1SDV_20230322T125125_20230322T125151_047757_05BCBA_92AF.zip,IW,2023-03-22,14TMT
160,"POLYGON ((-98.39119 47.719437, -97.900772 49.332638, -101.424042 49.734573, -101.800468 48.119785, -98.39119 47.719437))",48.7398,-99.8736,2023-03-22T12:51:27.164Z,S1A_IW_SLC__1SDV_20230322T125100_20230322T125127_047757_05BCBA_5962-SLC,DESCENDING,85,SLC,https://datapool.asf.alaska.edu/SLC/SA/S1A_IW_SLC__1SDV_20230322T125100_20230322T125127_047757_05BCBA_5962.zip,2023-03-22 12:51:00.199000+00:00,S1A_IW_SLC__1SDV_20230322T125100_20230322T125127_047757_05BCBA_5962,,Sentinel-1A,4102819338,63ebc88ab37e8b601ee440757738f2c8,430,SENTINEL_1A_FRAME,47757,VV+VH,2023-03-22T12:51:00.199Z,C-SAR,S1A_IWDV_0429_0436_047757_085,003.52,S1A_IW_SLC__1SDV_20230322T125100_20230322T125127_047757_05BCBA_5962.zip,IW,2023-03-22,14TMT
166,"POLYGON ((-98.828056 46.232773, -98.355141 47.847279, -101.772148 48.247608, -102.13974 46.632065, -98.828056 46.232773))",47.2524,-100.2686,2023-03-10T12:51:52.004Z,S1A_IW_SLC__1SDV_20230310T125125_20230310T125152_047582_05B6CA_DD41-SLC,DESCENDING,85,SLC,https://datapool.asf.alaska.edu/SLC/SA/S1A_IW_SLC__1SDV_20230310T125125_20230310T125152_047582_05B6CA_DD41.zip,2023-03-10 12:51:25.039000+00:00,S1A_IW_SLC__1SDV_20230310T125125_20230310T125152_047582_05B6CA_DD41,,Sentinel-1A,4190005782,575425b5e2c81de889ab6ced4b4a9082,435,SENTINEL_1A_FRAME,47582,VV+VH,2023-03-10T12:51:25.039Z,C-SAR,S1A_IWDV_0434_0441_047582_085,003.52,S1A_IW_SLC__1SDV_20230310T125125_20230310T125152_047582_05B6CA_DD41.zip,IW,2023-03-10,14TMT
167,"POLYGON ((-98.390717 47.718861, -97.900314 49.331799, -101.423729 49.73381, -101.800148 48.119286, -98.390717 47.718861))",48.7391,-99.8732,2023-03-10T12:51:27.179Z,S1A_IW_SLC__1SDV_20230310T125100_20230310T125127_047582_05B6CA_783D-SLC,DESCENDING,85,SLC,https://datapool.asf.alaska.edu/SLC/SA/S1A_IW_SLC__1SDV_20230310T125100_20230310T125127_047582_05B6CA_783D.zip,2023-03-10 12:51:00.218000+00:00,S1A_IW_SLC__1SDV_20230310T125100_20230310T125127_047582_05B6CA_783D,,Sentinel-1A,4093642033,7e8063ceefee60f0f115a123acd43c4c,430,SENTINEL_1A_FRAME,47582,VV+VH,2023-03-10T12:51:00.218Z,C-SAR,S1A_IWDV_0429_0436_047582_085,003.52,S1A_IW_SLC__1SDV_20230310T125100_20230310T125127_047582_05B6CA_783D.zip,IW,2023-03-10,14TMT
173,"POLYGON ((-98.827339 46.232693, -98.354408 47.847061, -101.771553 48.247459, -102.139168 46.63205, -98.827339 46.232693))",47.2523,-100.2679,2023-02-26T12:51:52.223Z,S1A_IW_SLC__1SDV_20230226T125125_20230226T125152_047407_05B0E0_57C0-SLC,DESCENDING,85,SLC,https://datapool.asf.alaska.edu/SLC/SA/S1A_IW_SLC__1SDV_20230226T125125_20230226T125152_047407_05B0E0_57C0.zip,2023-02-26 12:51:25.261000+00:00,S1A_IW_SLC__1SDV_20230226T125125_20230226T125152_047407_05B0E0_57C0,,Sentinel-1A,4206662336,ab4769bf10decb7cac3c564564f9ee89,435,SENTINEL_1A_FRAME,47407,VV+VH,2023-02-26T12:51:25.261Z,C-SAR,S1A_IWDV_0434_0441_047407_085,003.52,S1A_IW_SLC__1SDV_20230226T125125_20230226T125152_047407_05B0E0_57C0.zip,IW,2023-02-26,14TMT
174,"POLYGON ((-98.389984 47.718643, -97.899498 49.331692, -101.423058 49.733776, -101.799553 48.119137, -98.389984 47.718643))",48.739,-99.8725,2023-02-26T12:51:27.400Z,S1A_IW_SLC__1SDV_20230226T125100_20230226T125127_047407_05B0E0_DA9F-SLC,DESCENDING,85,SLC,https://datapool.asf.alaska.edu/SLC/SA/S1A_IW_SLC__1SDV_20230226T125100_20230226T125127_047407_05B0E0_DA9F.zip,2023-02-26 12:51:00.438000+00:00,S1A_IW_SLC__1SDV_20230226T125100_20230226T125127_047407_05B0E0_DA9F,,Sentinel-1A,4097971948,1e05d6e781d79932856c6abc68b66cd8,430,SENTINEL_1A_FRAME,47407,VV+VH,2023-02-26T12:51:00.438Z,C-SAR,S1A_IWDV_0429_0436_047407_085,003.52,S1A_IW_SLC__1SDV_20230226T125100_20230226T125127_047407_05B0E0_DA9F.zip,IW,2023-02-26,14TMT
178,"POLYGON ((-98.826469 46.232483, -98.3535 47.846977, -101.770554 48.247364, -102.138199 46.631828, -98.826469 46.232483))",47.2522,-100.267,2023-02-14T12:51:52.156Z,S1A_IW_SLC__1SDV_20230214T125125_20230214T125152_047232_05AADF_0603-SLC,DESCENDING,85,SLC,https://datapool.asf.alaska.edu/SLC/SA/S1A_IW_SLC__1SDV_20230214T125125_20230214T125152_047232_05AADF_0603.zip,2023-02-14 12:51:25.192000+00:00,S1A_IW_SLC__1SDV_20230214T125125_20230214T125152_047232_05AADF_0603,,Sentinel-1A,4212228356,651ef80c54daa50f5ea8cd0bad7a905c,435,SENTINEL_1A_FRAME,47232,VV+VH,2023-02-14T12:51:25.192Z,C-SAR,S1A_IWDV_0434_0441_047232_085,003.52,S1A_IW_SLC__1SDV_20230214T125125_20230214T125152_047232_05AADF_0603.zip,IW,2023-02-14,14TMT
179,"POLYGON ((-98.389076 47.718559, -97.898544 49.331734, -101.42202 49.733807, -101.798553 48.119041, -98.389076 47.718559))",48.739,-99.8715,2023-02-14T12:51:27.331Z,S1A_IW_SLC__1SDV_20230214T125100_20230214T125127_047232_05AADF_2B56-SLC,DESCENDING,85,SLC,https://datapool.asf.alaska.edu/SLC/SA/S1A_IW_SLC__1SDV_20230214T125100_20230214T125127_047232_05AADF_2B56.zip,2023-02-14 12:51:00.367000+00:00,S1A_IW_SLC__1SDV_20230214T125100_20230214T125127_047232_05AADF_2B56,,Sentinel-1A,4111478631,13eb32f6a6cf121c71204f942748095b,430,SENTINEL_1A_FRAME,47232,VV+VH,2023-02-14T12:51:00.367Z,C-SAR,S1A_IWDV_0429_0436_047232_085,003.52,S1A_IW_SLC__1SDV_20230214T125100_20230214T125127_047232_05AADF_2B56.zip,IW,2023-02-14,14TMT
185,"POLYGON ((-98.828102 46.232899, -98.355194 47.847385, -101.772545 48.247738, -102.140121 46.63221, -98.828102 46.232899))",47.2525,-100.2688,2023-02-02T12:51:52.664Z,S1A_IW_SLC__1SDV_20230202T125125_20230202T125152_047057_05A507_D2B8-SLC,DESCENDING,85,SLC,https://datapool.asf.alaska.edu/SLC/SA/S1A_IW_SLC__1SDV_20230202T125125_20230202T125152_047057_05A507_D2B8.zip,2023-02-02 12:51:25.699000+00:00,S1A_IW_SLC__1SDV_20230202T125125_20230202T125152_047057_05A507_D2B8,,Sentinel-1A,4180383048,5f4b52e10f2c3d9a60cc1f3890ac472b,435,SENTINEL_1A_FRAME,47057,VV+VH,2023-02-02T12:51:25.699Z,C-SAR,S1A_IWDV_0434_0441_047057_085,003.52,S1A_IW_SLC__1SDV_20230202T125125_20230202T125152_047057_05A507_D2B8.zip,IW,2023-02-02,14TMT
186,"POLYGON ((-98.39077 47.718971, -97.900421 49.331772, -101.424179 49.733803, -101.800545 48.119415, -98.39077 47.718971))",48.7392,-99.8734,2023-02-02T12:51:27.839Z,S1A_IW_SLC__1SDV_20230202T125100_20230202T125127_047057_05A507_FBC9-SLC,DESCENDING,85,SLC,https://datapool.asf.alaska.edu/SLC/SA/S1A_IW_SLC__1SDV_20230202T125100_20230202T125127_047057_05A507_FBC9.zip,2023-02-02 12:51:00.881000+00:00,S1A_IW_SLC__1SDV_20230202T125100_20230202T125127_047057_05A507_FBC9,,Sentinel-1A,4137580876,e7564bf948805fd588949b02e3e7535f,430,SENTINEL_1A_FRAME,47057,VV+VH,2023-02-02T12:51:00.881Z,C-SAR,S1A_IWDV_0429_0436_047057_085,003.52,S1A_IW_SLC__1SDV_20230202T125100_20230202T125127_047057_05A507_FBC9.zip,IW,2023-02-02,14TMT
192,"POLYGON ((-98.827309 46.232979, -98.354385 47.847462, -101.771851 48.247837, -102.139435 46.632309, -98.827309 46.232979))",47.2526,-100.2681,2023-01-21T12:51:52.937Z,S1A_IW_SLC__1SDV_20230121T125125_20230121T125152_046882_059F32_A742-SLC,DESCENDING,85,SLC,https://datapool.asf.alaska.edu/SLC/SA/S1A_IW_SLC__1SDV_20230121T125125_20230121T125152_046882_059F32_A742.zip,2023-01-21 12:51:25.972000+00:00,S1A_IW_SLC__1SDV_20230121T125125_20230121T125152_046882_059F32_A742,,Sentinel-1A,4026695343,7d576f0f13eba1114b5dce9a8ec8362b,435,SENTINEL_1A_FRAME,46882,VV+VH,2023-01-21T12:51:25.972Z,C-SAR,S1A_IWDV_0434_0441_046882_085,003.52,S1A_IW_SLC__1SDV_20230121T125125_20230121T125152_046882_059F32_A742.zip,IW,2023-01-21,14TMT
193,"POLYGON ((-98.389999 47.718922, -97.899559 49.331963, -101.423447 49.73402, -101.799881 48.119389, -98.389999 47.718922))",48.7393,-99.8727,2023-01-21T12:51:28.114Z,S1A_IW_SLC__1SDV_20230121T125101_20230121T125128_046882_059F32_246D-SLC,DESCENDING,85,SLC,https://datapool.asf.alaska.edu/SLC/SA/S1A_IW_SLC__1SDV_20230121T125101_20230121T125128_046882_059F32_246D.zip,2023-01-21 12:51:01.151000+00:00,S1A_IW_SLC__1SDV_20230121T125101_20230121T125128_046882_059F32_246D,,Sentinel-1A,4020131212,2d57cd15be4f52f19bd451003f7d8fec,430,SENTINEL_1A_FRAME,46882,VV+VH,2023-01-21T12:51:01.151Z,C-SAR,S1A_IWDV_0429_0436_046882_085,003.52,S1A_IW_SLC__1SDV_20230121T125101_20230121T125128_046882_059F32_246D.zip,IW,2023-01-21,14TMT
199,"POLYGON ((-98.826927 46.233692, -98.35392 47.848423, -101.771347 48.248791, -102.139 46.633018, -98.826927 46.233692))",47.2535,-100.2676,2023-01-09T12:51:53.261Z,S1A_IW_SLC__1SDV_20230109T125126_20230109T125153_046707_05994A_4DF8-SLC,DESCENDING,85,SLC,https://datapool.asf.alaska.edu/SLC/SA/S1A_IW_SLC__1SDV_20230109T125126_20230109T125153_046707_05994A_4DF8.zip,2023-01-09 12:51:26.292000+00:00,S1A_IW_SLC__1SDV_20230109T125126_20230109T125153_046707_05994A_4DF8,,Sentinel-1A,3993218519,595ef2d93774a57abd978fa32f5736e2,435,SENTINEL_1A_FRAME,46707,VV+VH,2023-01-09T12:51:26.292Z,C-SAR,S1A_IWDV_0434_0441_046707_085,003.52,S1A_IW_SLC__1SDV_20230109T125126_20230109T125153_046707_05994A_4DF8.zip,IW,2023-01-09,14TMT
200,"POLYGON ((-98.389534 47.719883, -97.898994 49.333168, -101.422867 49.735222, -101.799377 48.120342, -98.389534 47.719883))",48.7403,-99.8721,2023-01-09T12:51:28.434Z,S1A_IW_SLC__1SDV_20230109T125101_20230109T125128_046707_05994A_3874-SLC,DESCENDING,85,SLC,https://datapool.asf.alaska.edu/SLC/SA/S1A_IW_SLC__1SDV_20230109T125101_20230109T125128_046707_05994A_3874.zip,2023-01-09 12:51:01.467000+00:00,S1A_IW_SLC__1SDV_20230109T125101_20230109T125128_046707_05994A_3874,,Sentinel-1A,4010537933,89d3bf3c54d73a00577a30211ecc7dd5,430,SENTINEL_1A_FRAME,46707,VV+VH,2023-01-09T12:51:01.467Z,C-SAR,S1A_IWDV_0429_0436_046707_085,003.52,S1A_IW_SLC__1SDV_20230109T125101_20230109T125128_046707_05994A_3874.zip,IW,2023-01-09,14TMT
206,"POLYGON ((-98.826279 46.232635, -98.353249 47.847229, -101.77076 48.247684, -102.138443 46.632046, -98.826279 46.232635))",47.2524,-100.267,2022-12-28T12:51:53.968Z,S1A_IW_SLC__1SDV_20221228T125127_20221228T125153_046532_05936B_B092-SLC,DESCENDING,85,SLC,https://datapool.asf.alaska.edu/SLC/SA/S1A_IW_SLC__1SDV_20221228T125127_20221228T125153_046532_05936B_B092.zip,2022-12-28 12:51:27.002000+00:00,S1A_IW_SLC__1SDV_20221228T125127_20221228T125153_046532_05936B_B092,,Sentinel-1A,3994121311,a0f9e9f1658e6287d25c880e24e7b4e2,435,SENTINEL_1A_FRAME,46532,VV+VH,2022-12-28T12:51:27.002Z,C-SAR,S1A_IWDV_0434_0441_046532_085,003.52,S1A_IW_SLC__1SDV_20221228T125127_20221228T125153_046532_05936B_B092.zip,IW,2022-12-28,14TMT
207,"POLYGON ((-98.388832 47.718811, -97.898277 49.331963, -101.422218 49.734104, -101.798759 48.119362, -98.388832 47.718811))",48.7392,-99.8715,2022-12-28T12:51:29.141Z,S1A_IW_SLC__1SDV_20221228T125102_20221228T125129_046532_05936B_1B4E-SLC,DESCENDING,85,SLC,https://datapool.asf.alaska.edu/SLC/SA/S1A_IW_SLC__1SDV_20221228T125102_20221228T125129_046532_05936B_1B4E.zip,2022-12-28 12:51:02.177000+00:00,S1A_IW_SLC__1SDV_20221228T125102_20221228T125129_046532_05936B_1B4E,,Sentinel-1A,4004618729,6b227a44994f318f84c8cf8de3ef5657,430,SENTINEL_1A_FRAME,46532,VV+VH,2022-12-28T12:51:02.177Z,C-SAR,S1A_IWDV_0429_0436_046532_085,003.52,S1A_IW_SLC__1SDV_20221228T125102_20221228T125129_046532_05936B_1B4E.zip,IW,2022-12-28,14TMT
211,"POLYGON ((-98.826004 46.233223, -98.352974 47.84782, -101.770439 48.24826, -102.138123 46.632618, -98.826004 46.233223))",47.253,-100.2667,2022-12-16T12:51:54.601Z,S1A_IW_SLC__1SDV_20221216T125127_20221216T125154_046357_058D70_4BC9-SLC,DESCENDING,85,SLC,https://datapool.asf.alaska.edu/SLC/SA/S1A_IW_SLC__1SDV_20221216T125127_20221216T125154_046357_058D70_4BC9.zip,2022-12-16 12:51:27.634000+00:00,S1A_IW_SLC__1SDV_20221216T125127_20221216T125154_046357_058D70_4BC9,,Sentinel-1A,4024512244,9a26312e1c84031215d12da1282b6abf,435,SENTINEL_1A_FRAME,46357,VV+VH,2022-12-16T12:51:27.634Z,C-SAR,S1A_IWDV_0434_0441_046357_085,003.52,S1A_IW_SLC__1SDV_20221216T125127_20221216T125154_046357_058D70_4BC9.zip,IW,2022-12-16,14TMT
212,"POLYGON ((-98.388588 47.719284, -97.898109 49.332191, -101.422035 49.734322, -101.798515 48.11982, -98.388588 47.719284))",48.7396,-99.8712,2022-12-16T12:51:29.776Z,S1A_IW_SLC__1SDV_20221216T125102_20221216T125129_046357_058D70_F5D4-SLC,DESCENDING,85,SLC,https://datapool.asf.alaska.edu/SLC/SA/S1A_IW_SLC__1SDV_20221216T125102_20221216T125129_046357_058D70_F5D4.zip,2022-12-16 12:51:02.815000+00:00,S1A_IW_SLC__1SDV_20221216T125102_20221216T125129_046357_058D70_F5D4,,Sentinel-1A,4019105454,0dbbf909697ca4b2929bc4c0ffae1730,430,SENTINEL_1A_FRAME,46357,VV+VH,2022-12-16T12:51:02.815Z,C-SAR,S1A_IWDV_0429_0436_046357_085,003.52,S1A_IW_SLC__1SDV_20221216T125102_20221216T125129_046357_058D70_F5D4.zip,IW,2022-12-16,14TMT
218,"POLYGON ((-98.827263 46.23325, -98.354347 47.847607, -101.771835 48.248016, -102.13942 46.632614, -98.827263 46.23325))",47.2529,-100.268,2022-12-04T12:51:55.424Z,S1A_IW_SLC__1SDV_20221204T125128_20221204T125155_046182_05877C_3F29-SLC,DESCENDING,85,SLC,https://datapool.asf.alaska.edu/SLC/SA/S1A_IW_SLC__1SDV_20221204T125128_20221204T125155_046182_05877C_3F29.zip,2022-12-04 12:51:28.461000+00:00,S1A_IW_SLC__1SDV_20221204T125128_20221204T125155_046182_05877C_3F29,,Sentinel-1A,3999389501,a78b2ac256a6a481489ddcdfad2d165b,435,SENTINEL_1A_FRAME,46182,VV+VH,2022-12-04T12:51:28.461Z,C-SAR,S1A_IWDV_0434_0441_046182_085,003.52,S1A_IW_SLC__1SDV_20221204T125128_20221204T125155_046182_05877C_3F29.zip,IW,2022-12-04,14TMT
219,"POLYGON ((-98.389923 47.719189, -97.899483 49.332104, -101.423393 49.734196, -101.799835 48.119694, -98.389923 47.719189))",48.7395,-99.8726,2022-12-04T12:51:30.601Z,S1A_IW_SLC__1SDV_20221204T125103_20221204T125130_046182_05877C_11A8-SLC,DESCENDING,85,SLC,https://datapool.asf.alaska.edu/SLC/SA/S1A_IW_SLC__1SDV_20221204T125103_20221204T125130_046182_05877C_11A8.zip,2022-12-04 12:51:03.640000+00:00,S1A_IW_SLC__1SDV_20221204T125103_20221204T125130_046182_05877C_11A8,,Sentinel-1A,4007274987,4593c17dca36f25cb6422f5e9b52ff86,430,SENTINEL_1A_FRAME,46182,VV+VH,2022-12-04T12:51:03.640Z,C-SAR,S1A_IWDV_0429_0436_046182_085,003.52,S1A_IW_SLC__1SDV_20221204T125103_20221204T125130_046182_05877C_11A8.zip,IW,2022-12-04,14TMT
225,"POLYGON ((-98.828934 46.233284, -98.356049 47.847645, -101.773537 48.24802, -102.14109 46.632618, -98.828934 46.233284))",47.2529,-100.2697,2022-11-22T12:51:56.192Z,S1A_IW_SLC__1SDV_20221122T125129_20221122T125156_046007_058187_0A9A-SLC,DESCENDING,85,SLC,https://datapool.asf.alaska.edu/SLC/SA/S1A_IW_SLC__1SDV_20221122T125129_20221122T125156_046007_058187_0A9A.zip,2022-11-22 12:51:29.230000+00:00,S1A_IW_SLC__1SDV_20221122T125129_20221122T125156_046007_058187_0A9A,,Sentinel-1A,4010066992,92a2f11697c58d5387b68959af5629c3,435,SENTINEL_1A_FRAME,46007,VV+VH,2022-11-22T12:51:29.230Z,C-SAR,S1A_IWDV_0434_0441_046007_085,003.52,S1A_IW_SLC__1SDV_20221122T125129_20221122T125156_046007_058187_0A9A.zip,IW,2022-11-22,14TMT
226,"POLYGON ((-98.391663 47.719105, -97.901184 49.332272, -101.425102 49.734325, -101.801559 48.119572, -98.391663 47.719105))",48.7395,-99.8743,2022-11-22T12:51:31.372Z,S1A_IW_SLC__1SDV_20221122T125104_20221122T125131_046007_058187_71A3-SLC,DESCENDING,85,SLC,https://datapool.asf.alaska.edu/SLC/SA/S1A_IW_SLC__1SDV_20221122T125104_20221122T125131_046007_058187_71A3.zip,2022-11-22 12:51:04.407000+00:00,S1A_IW_SLC__1SDV_20221122T125104_20221122T125131_046007_058187_71A3,,Sentinel-1A,3986182616,c7cb530df975fd9074009526d18cff2c,430,SENTINEL_1A_FRAME,46007,VV+VH,2022-11-22T12:51:04.407Z,C-SAR,S1A_IWDV_0429_0436_046007_085,003.52,S1A_IW_SLC__1SDV_20221122T125104_20221122T125131_046007_058187_71A3.zip,IW,2022-11-22,14TMT
232,"POLYGON ((-98.826309 46.233479, -98.35334 47.848087, -101.770813 48.248466, -102.138435 46.632812, -98.826309 46.233479))",47.2532,-100.267,2022-11-10T12:51:55.807Z,S1A_IW_SLC__1SDV_20221110T125128_20221110T125155_045832_057B9A_177F-SLC,DESCENDING,85,SLC,https://datapool.asf.alaska.edu/SLC/SA/S1A_IW_SLC__1SDV_20221110T125128_20221110T125155_045832_057B9A_177F.zip,2022-11-10 12:51:28.840000+00:00,S1A_IW_SLC__1SDV_20221110T125128_20221110T125155_045832_057B9A_177F,,Sentinel-1A,3904376656,ba5f84a7b77702ecc53512a528cb9dbf,435,SENTINEL_1A_FRAME,45832,VV+VH,2022-11-10T12:51:28.840Z,C-SAR,S1A_IWDV_0434_0441_045832_085,003.52,S1A_IW_SLC__1SDV_20221110T125128_20221110T125155_045832_057B9A_177F.zip,IW,2022-11-10,14TMT
233,"POLYGON ((-98.388916 47.719669, -97.898506 49.332592, -101.422401 49.73465, -101.798813 48.12014, -98.388916 47.719669))",48.7399,-99.8716,2022-11-10T12:51:30.980Z,S1A_IW_SLC__1SDV_20221110T125104_20221110T125130_045832_057B9A_B59D-SLC,DESCENDING,85,SLC,https://datapool.asf.alaska.edu/SLC/SA/S1A_IW_SLC__1SDV_20221110T125104_20221110T125130_045832_057B9A_B59D.zip,2022-11-10 12:51:04.019000+00:00,S1A_IW_SLC__1SDV_20221110T125104_20221110T125130_045832_057B9A_B59D,,Sentinel-1A,4017736548,0e50a41fb5b1e8e572e393e81b71988b,430,SENTINEL_1A_FRAME,45832,VV+VH,2022-11-10T12:51:04.019Z,C-SAR,S1A_IWDV_0429_0436_045832_085,003.52,S1A_IW_SLC__1SDV_20221110T125104_20221110T125130_045832_057B9A_B59D.zip,IW,2022-11-10,14TMT
239,"POLYGON ((-98.828339 46.233112, -98.355408 47.847603, -101.772758 48.247982, -102.140358 46.632454, -98.828339 46.233112))",47.2528,-100.269,2022-10-29T12:51:56.453Z,S1A_IW_SLC__1SDV_20221029T125129_20221029T125156_045657_0575B4_90AB-SLC,DESCENDING,85,SLC,https://datapool.asf.alaska.edu/SLC/SA/S1A_IW_SLC__1SDV_20221029T125129_20221029T125156_045657_0575B4_90AB.zip,2022-10-29 12:51:29.489000+00:00,S1A_IW_SLC__1SDV_20221029T125129_20221029T125156_045657_0575B4_90AB,,Sentinel-1A,3977253616,a6f16838d1bce2c77483ccb0d90afb59,435,SENTINEL_1A_FRAME,45657,VV+VH,2022-10-29T12:51:29.489Z,C-SAR,S1A_IWDV_0434_0441_045657_085,003.52,S1A_IW_SLC__1SDV_20221029T125129_20221029T125156_045657_0575B4_90AB.zip,IW,2022-10-29,14TMT
240,"POLYGON ((-98.390984 47.719185, -97.900497 49.332355, -101.424278 49.734417, -101.800758 48.119659, -98.390984 47.719185))",48.7396,-99.8736,2022-10-29T12:51:31.628Z,S1A_IW_SLC__1SDV_20221029T125104_20221029T125131_045657_0575B4_7623-SLC,DESCENDING,85,SLC,https://datapool.asf.alaska.edu/SLC/SA/S1A_IW_SLC__1SDV_20221029T125104_20221029T125131_045657_0575B4_7623.zip,2022-10-29 12:51:04.664000+00:00,S1A_IW_SLC__1SDV_20221029T125104_20221029T125131_045657_0575B4_7623,,Sentinel-1A,4177444428,e401b90133e5b9503eaccc013eb4e235,430,SENTINEL_1A_FRAME,45657,VV+VH,2022-10-29T12:51:04.664Z,C-SAR,S1A_IWDV_0429_0436_045657_085,003.52,S1A_IW_SLC__1SDV_20221029T125104_20221029T125131_045657_0575B4_7623.zip,IW,2022-10-29,14TMT
246,"POLYGON ((-98.827209 46.233414, -98.354248 47.847904, -101.771469 48.24831, -102.139114 46.632774, -98.827209 46.233414))",47.2531,-100.2678,2022-10-17T12:51:56.479Z,S1A_IW_SLC__1SDV_20221017T125129_20221017T125156_045482_057043_92CF-SLC,DESCENDING,85,SLC,https://datapool.asf.alaska.edu/SLC/SA/S1A_IW_SLC__1SDV_20221017T125129_20221017T125156_045482_057043_92CF.zip,2022-10-17 12:51:29.514000+00:00,S1A_IW_SLC__1SDV_20221017T125129_20221017T125156_045482_057043_92CF,,Sentinel-1A,3909243316,9437c3e6dfd3ceffad8da0f0309c2388,435,SENTINEL_1A_FRAME,45482,VV+VH,2022-10-17T12:51:29.514Z,C-SAR,S1A_IWDV_0434_0441_045482_085,003.52,S1A_IW_SLC__1SDV_20221017T125129_20221017T125156_045482_057043_92CF.zip,IW,2022-10-17,14TMT
247,"POLYGON ((-98.389824 47.719486, -97.8993 49.332661, -101.422951 49.734749, -101.799477 48.119987, -98.389824 47.719486))",48.7399,-99.8723,2022-10-17T12:51:31.654Z,S1A_IW_SLC__1SDV_20221017T125104_20221017T125131_045482_057043_6CCA-SLC,DESCENDING,85,SLC,https://datapool.asf.alaska.edu/SLC/SA/S1A_IW_SLC__1SDV_20221017T125104_20221017T125131_045482_057043_6CCA.zip,2022-10-17 12:51:04.689000+00:00,S1A_IW_SLC__1SDV_20221017T125104_20221017T125131_045482_057043_6CCA,,Sentinel-1A,4030259255,56209dfc7aded93a8c2b5da6702e7874,430,SENTINEL_1A_FRAME,45482,VV+VH,2022-10-17T12:51:04.689Z,C-SAR,S1A_IWDV_0429_0436_045482_085,003.52,S1A_IW_SLC__1SDV_20221017T125104_20221017T125131_045482_057043_6CCA.zip,IW,2022-10-17,14TMT
253,"POLYGON ((-98.826157 46.23317, -98.35321 47.847664, -101.770378 48.248051, -102.138008 46.632515, -98.826157 46.23317))",47.2528,-100.2668,2022-10-05T12:51:56.145Z,S1A_IW_SLC__1SDV_20221005T125129_20221005T125156_045307_056AA5_7376-SLC,DESCENDING,85,SLC,https://datapool.asf.alaska.edu/SLC/SA/S1A_IW_SLC__1SDV_20221005T125129_20221005T125156_045307_056AA5_7376.zip,2022-10-05 12:51:29.180000+00:00,S1A_IW_SLC__1SDV_20221005T125129_20221005T125156_045307_056AA5_7376,,Sentinel-1A,4090367198,f182dffae5541cc499fbc01b8b0f9fbe,435,SENTINEL_1A_FRAME,45307,VV+VH,2022-10-05T12:51:29.180Z,C-SAR,S1A_IWDV_0434_0441_045307_085,003.52,S1A_IW_SLC__1SDV_20221005T125129_20221005T125156_045307_056AA5_7376.zip,IW,2022-10-05,14TMT
254,"POLYGON ((-98.388824 47.719124, -97.898239 49.332542, -101.421837 49.734615, -101.798409 48.119606, -98.388824 47.719124))",48.7397,-99.8713,2022-10-05T12:51:31.322Z,S1A_IW_SLC__1SDV_20221005T125104_20221005T125131_045307_056AA5_CAB2-SLC,DESCENDING,85,SLC,https://datapool.asf.alaska.edu/SLC/SA/S1A_IW_SLC__1SDV_20221005T125104_20221005T125131_045307_056AA5_CAB2.zip,2022-10-05 12:51:04.353000+00:00,S1A_IW_SLC__1SDV_20221005T125104_20221005T125131_045307_056AA5_CAB2,,Sentinel-1A,4166298311,0113f9579697cb67835618e737ce62ba,430,SENTINEL_1A_FRAME,45307,VV+VH,2022-10-05T12:51:04.353Z,C-SAR,S1A_IWDV_0429_0436_045307_085,003.52,S1A_IW_SLC__1SDV_20221005T125104_20221005T125131_045307_056AA5_CAB2.zip,IW,2022-10-05,14TMT
260,"POLYGON ((-98.824501 46.233669, -98.351631 47.848042, -101.768913 48.248409, -102.136475 46.632992, -98.824501 46.233669))",47.2533,-100.2652,2022-09-23T12:51:55.483Z,S1A_IW_SLC__1SDV_20220923T125128_20220923T125155_045132_0564C2_2BF8-SLC,DESCENDING,85,SLC,https://datapool.asf.alaska.edu/SLC/SA/S1A_IW_SLC__1SDV_20220923T125128_20220923T125155_045132_0564C2_2BF8.zip,2022-09-23 12:51:28.520000+00:00,S1A_IW_SLC__1SDV_20220923T125128_20220923T125155_045132_0564C2_2BF8,,Sentinel-1A,4478877554,0e792a918eda2bc1ff0d97648b8ff5f3,435,SENTINEL_1A_FRAME,45132,VV+VH,2022-09-23T12:51:28.520Z,C-SAR,S1A_IWDV_0434_0441_045132_085,003.52,S1A_IW_SLC__1SDV_20220923T125128_20220923T125155_045132_0564C2_2BF8.zip,IW,2022-09-23,14TMT
261,"POLYGON ((-98.387245 47.719501, -97.896782 49.33268, -101.420479 49.734726, -101.796944 48.119961, -98.387245 47.719501))",48.7399,-99.8698,2022-09-23T12:51:30.662Z,S1A_IW_SLC__1SDV_20220923T125103_20220923T125130_045132_0564C2_8B22-SLC,DESCENDING,85,SLC,https://datapool.asf.alaska.edu/SLC/SA/S1A_IW_SLC__1SDV_20220923T125103_20220923T125130_045132_0564C2_8B22.zip,2022-09-23 12:51:03.698000+00:00,S1A_IW_SLC__1SDV_20220923T125103_20220923T125130_045132_0564C2_8B22,,Sentinel-1A,4544261402,b676f537ffbc2bbea7ea29e9483bbedd,430,SENTINEL_1A_FRAME,45132,VV+VH,2022-09-23T12:51:03.698Z,C-SAR,S1A_IWDV_0429_0436_045132_085,003.52,S1A_IW_SLC__1SDV_20220923T125103_20220923T125130_045132_0564C2_8B22.zip,IW,2022-09-23,14TMT
267,"POLYGON ((-98.829803 46.23349, -98.356926 47.848122, -101.774002 48.248405, -102.141563 46.632732, -98.829803 46.23349))",47.2532,-100.2704,2022-09-11T12:51:56.124Z,S1A_IW_SLC__1SDV_20220911T125129_20220911T125156_044957_055EDE_5A00-SLC,DESCENDING,85,SLC,https://datapool.asf.alaska.edu/SLC/SA/S1A_IW_SLC__1SDV_20220911T125129_20220911T125156_044957_055EDE_5A00.zip,2022-09-11 12:51:29.157000+00:00,S1A_IW_SLC__1SDV_20220911T125129_20220911T125156_044957_055EDE_5A00,,Sentinel-1A,4181595979,3e5a9645ef7359cb6da6b4c00fd5a3e4,435,SENTINEL_1A_FRAME,44957,VV+VH,2022-09-11T12:51:29.157Z,C-SAR,S1A_IWDV_0434_0441_044957_085,003.52,S1A_IW_SLC__1SDV_20220911T125129_20220911T125156_044957_055EDE_5A00.zip,IW,2022-09-11,14TMT
268,"POLYGON ((-98.392525 47.719707, -97.902054 49.333149, -101.425552 49.735107, -101.802017 48.120083, -98.392525 47.719707))",48.7402,-99.875,2022-09-11T12:51:31.297Z,S1A_IW_SLC__1SDV_20220911T125104_20220911T125131_044957_055EDE_AE69-SLC,DESCENDING,85,SLC,https://datapool.asf.alaska.edu/SLC/SA/S1A_IW_SLC__1SDV_20220911T125104_20220911T125131_044957_055EDE_AE69.zip,2022-09-11 12:51:04.328000+00:00,S1A_IW_SLC__1SDV_20220911T125104_20220911T125131_044957_055EDE_AE69,,Sentinel-1A,4307677957,2506e2a1c887b0ff4dce40c0c4653f71,430,SENTINEL_1A_FRAME,44957,VV+VH,2022-09-11T12:51:04.328Z,C-SAR,S1A_IWDV_0429_0436_044957_085,003.52,S1A_IW_SLC__1SDV_20220911T125104_20220911T125131_044957_055EDE_AE69.zip,IW,2022-09-11,14TMT
274,"POLYGON ((-98.828438 46.233471, -98.355537 47.84811, -101.772446 48.248402, -102.140038 46.632725, -98.828438 46.233471))",47.2532,-100.2689,2022-08-30T12:51:55.286Z,S1A_IW_SLC__1SDV_20220830T125128_20220830T125155_044782_055904_2275-SLC,DESCENDING,85,SLC,https://datapool.asf.alaska.edu/SLC/SA/S1A_IW_SLC__1SDV_20220830T125128_20220830T125155_044782_055904_2275.zip,2022-08-30 12:51:28.319000+00:00,S1A_IW_SLC__1SDV_20220830T125128_20220830T125155_044782_055904_2275,,Sentinel-1A,4293500424,c6ef10347ffcb2f265cbf0a58021c9cc,435,SENTINEL_1A_FRAME,44782,VV+VH,2022-08-30T12:51:28.319Z,C-SAR,S1A_IWDV_0434_0441_044782_085,003.52,S1A_IW_SLC__1SDV_20220830T125128_20220830T125155_044782_055904_2275.zip,IW,2022-08-30,14TMT
275,"POLYGON ((-98.391106 47.719692, -97.900612 49.333138, -101.42395 49.735104, -101.800446 48.120075, -98.391106 47.719692))",48.7402,-99.8735,2022-08-30T12:51:30.459Z,S1A_IW_SLC__1SDV_20220830T125103_20220830T125130_044782_055904_8338-SLC,DESCENDING,85,SLC,https://datapool.asf.alaska.edu/SLC/SA/S1A_IW_SLC__1SDV_20220830T125103_20220830T125130_044782_055904_8338.zip,2022-08-30 12:51:03.490000+00:00,S1A_IW_SLC__1SDV_20220830T125103_20220830T125130_044782_055904_8338,,Sentinel-1A,4486401839,862930f9a44e44ed5e3def6e238ec2e7,430,SENTINEL_1A_FRAME,44782,VV+VH,2022-08-30T12:51:03.490Z,C-SAR,S1A_IWDV_0429_0436_044782_085,003.52,S1A_IW_SLC__1SDV_20220830T125103_20220830T125130_044782_055904_8338.zip,IW,2022-08-30,14TMT
281,"POLYGON ((-98.828354 46.233822, -98.355545 47.848087, -101.772522 48.248402, -102.140038 46.633095, -98.828354 46.233822))",47.2533,-100.2689,2022-08-18T12:51:54.888Z,S1A_IW_SLC__1SDV_20220818T125127_20220818T125154_044607_055313_F844-SLC,DESCENDING,85,SLC,https://datapool.asf.alaska.edu/SLC/SA/S1A_IW_SLC__1SDV_20220818T125127_20220818T125154_044607_055313_F844.zip,2022-08-18 12:51:27.927000+00:00,S1A_IW_SLC__1SDV_20220818T125127_20220818T125154_044607_055313_F844,,Sentinel-1A,4534500055,e11e78801e68348f0a20bfe24d4fcb5c,435,SENTINEL_1A_FRAME,44607,VV+VH,2022-08-18T12:51:27.927Z,C-SAR,S1A_IWDV_0434_0441_044607_085,003.52,S1A_IW_SLC__1SDV_20220818T125127_20220818T125154_044607_055313_F844.zip,IW,2022-08-18,14TMT
282,"POLYGON ((-98.391121 47.719669, -97.90065 49.332985, -101.424042 49.734978, -101.800522 48.120075, -98.391121 47.719669))",48.7401,-99.8735,2022-08-18T12:51:30.067Z,S1A_IW_SLC__1SDV_20220818T125103_20220818T125130_044607_055313_F621-SLC,DESCENDING,85,SLC,https://datapool.asf.alaska.edu/SLC/SA/S1A_IW_SLC__1SDV_20220818T125103_20220818T125130_044607_055313_F621.zip,2022-08-18 12:51:03.100000+00:00,S1A_IW_SLC__1SDV_20220818T125103_20220818T125130_044607_055313_F621,,Sentinel-1A,4704761082,276632ab46215e3b6833e5514fcc3018,430,SENTINEL_1A_FRAME,44607,VV+VH,2022-08-18T12:51:03.100Z,C-SAR,S1A_IWDV_0429_0436_044607_085,003.52,S1A_IW_SLC__1SDV_20220818T125103_20220818T125130_044607_055313_F621.zip,IW,2022-08-18,14TMT
288,"POLYGON ((-98.828293 46.23344, -98.355324 47.848076, -101.772194 48.248425, -102.139847 46.632748, -98.828293 46.23344))",47.2532,-100.2687,2022-08-06T12:51:54.245Z,S1A_IW_SLC__1SDV_20220806T125127_20220806T125154_044432_054D60_0B0F-SLC,DESCENDING,85,SLC,https://datapool.asf.alaska.edu/SLC/SA/S1A_IW_SLC__1SDV_20220806T125127_20220806T125154_044432_054D60_0B0F.zip,2022-08-06 12:51:27.278000+00:00,S1A_IW_SLC__1SDV_20220806T125127_20220806T125154_044432_054D60_0B0F,,Sentinel-1A,4330652228,4ca11da65481b1fc1bbdc1c8248a8292,435,SENTINEL_1A_FRAME,44432,VV+VH,2022-08-06T12:51:27.278Z,C-SAR,S1A_IWDV_0434_0441_044432_085,003.52,S1A_IW_SLC__1SDV_20220806T125127_20220806T125154_044432_054D60_0B0F.zip,IW,2022-08-06,14TMT
289,"POLYGON ((-98.3909 47.719658, -97.900414 49.332851, -101.423683 49.734879, -101.800194 48.120098, -98.3909 47.719658))",48.7401,-99.8732,2022-08-06T12:51:29.418Z,S1A_IW_SLC__1SDV_20220806T125102_20220806T125129_044432_054D60_931E-SLC,DESCENDING,85,SLC,https://datapool.asf.alaska.edu/SLC/SA/S1A_IW_SLC__1SDV_20220806T125102_20220806T125129_044432_054D60_931E.zip,2022-08-06 12:51:02.453000+00:00,S1A_IW_SLC__1SDV_20220806T125102_20220806T125129_044432_054D60_931E,,Sentinel-1A,4517724338,501c83d9b649e94062422368ab8408e1,430,SENTINEL_1A_FRAME,44432,VV+VH,2022-08-06T12:51:02.453Z,C-SAR,S1A_IWDV_0429_0436_044432_085,003.52,S1A_IW_SLC__1SDV_20220806T125102_20220806T125129_044432_054D60_931E.zip,IW,2022-08-06,14TMT
295,"POLYGON ((-98.828072 46.233494, -98.35511 47.848255, -101.772003 48.248566, -102.139648 46.632767, -98.828072 46.233494))",47.2533,-100.2685,2022-07-25T12:51:53.390Z,S1A_IW_SLC__1SDV_20220725T125126_20220725T125153_044257_054842_588F-SLC,DESCENDING,85,SLC,https://datapool.asf.alaska.edu/SLC/SA/S1A_IW_SLC__1SDV_20220725T125126_20220725T125153_044257_054842_588F.zip,2022-07-25 12:51:26.421000+00:00,S1A_IW_SLC__1SDV_20220725T125126_20220725T125153_044257_054842_588F,,Sentinel-1A,4392356335,db4098423c1707737d45efd97374de6f,435,SENTINEL_1A_FRAME,44257,VV+VH,2022-07-25T12:51:26.421Z,C-SAR,S1A_IWDV_0434_0441_044257_085,003.52,S1A_IW_SLC__1SDV_20220725T125126_20220725T125153_044257_054842_588F.zip,IW,2022-07-25,14TMT
296,"POLYGON ((-98.390717 47.719711, -97.900116 49.333401, -101.423447 49.735394, -101.800034 48.120117, -98.390717 47.719711))",48.7403,-99.873,2022-07-25T12:51:28.563Z,S1A_IW_SLC__1SDV_20220725T125101_20220725T125128_044257_054842_95A9-SLC,DESCENDING,85,SLC,https://datapool.asf.alaska.edu/SLC/SA/S1A_IW_SLC__1SDV_20220725T125101_20220725T125128_044257_054842_95A9.zip,2022-07-25 12:51:01.590000+00:00,S1A_IW_SLC__1SDV_20220725T125101_20220725T125128_044257_054842_95A9,,Sentinel-1A,4579083070,23474565b88f679e80b74f136b6a5769,430,SENTINEL_1A_FRAME,44257,VV+VH,2022-07-25T12:51:01.590Z,C-SAR,S1A_IWDV_0429_0436_044257_085,003.52,S1A_IW_SLC__1SDV_20220725T125101_20220725T125128_044257_054842_95A9.zip,IW,2022-07-25,14TMT
302,"POLYGON ((-98.828667 46.233818, -98.355873 47.848217, -101.772812 48.248474, -102.140312 46.633038, -98.828667 46.233818))",47.2534,-100.2692,2022-07-13T12:51:52.508Z,S1A_IW_SLC__1SDV_20220713T125125_20220713T125152_044082_05430D_3D95-SLC,DESCENDING,85,SLC,https://datapool.asf.alaska.edu/SLC/SA/S1A_IW_SLC__1SDV_20220713T125125_20220713T125152_044082_05430D_3D95.zip,2022-07-13 12:51:25.545000+00:00,S1A_IW_SLC__1SDV_20220713T125125_20220713T125152_044082_05430D_3D95,,Sentinel-1A,4412045685,8b0daf74517352a800f66203d89d2bd6,435,SENTINEL_1A_FRAME,44082,VV+VH,2022-07-13T12:51:25.545Z,C-SAR,S1A_IWDV_0434_0441_044082_085,003.52,S1A_IW_SLC__1SDV_20220713T125125_20220713T125152_044082_05430D_3D95.zip,IW,2022-07-13,14TMT
303,"POLYGON ((-98.391479 47.719673, -97.901093 49.332878, -101.424438 49.734814, -101.800835 48.120026, -98.391479 47.719673))",48.74,-99.8739,2022-07-13T12:51:27.687Z,S1A_IW_SLC__1SDV_20220713T125100_20220713T125127_044082_05430D_69D4-SLC,DESCENDING,85,SLC,https://datapool.asf.alaska.edu/SLC/SA/S1A_IW_SLC__1SDV_20220713T125100_20220713T125127_044082_05430D_69D4.zip,2022-07-13 12:51:00.722000+00:00,S1A_IW_SLC__1SDV_20220713T125100_20220713T125127_044082_05430D_69D4,,Sentinel-1A,4515477766,d47c7468e4bbf966d4850b505331d004,430,SENTINEL_1A_FRAME,44082,VV+VH,2022-07-13T12:51:00.722Z,C-SAR,S1A_IWDV_0429_0436_044082_085,003.52,S1A_IW_SLC__1SDV_20220713T125100_20220713T125127_044082_05430D_69D4.zip,IW,2022-07-13,14TMT
308,"POLYGON ((-98.829094 46.233845, -98.356285 47.848244, -101.773186 48.248505, -102.140701 46.633068, -98.829094 46.233845))",47.2534,-100.2696,2022-07-01T12:51:51.915Z,S1A_IW_SLC__1SDV_20220701T125124_20220701T125151_043907_053DD5_8562-SLC,DESCENDING,85,SLC,https://datapool.asf.alaska.edu/SLC/SA/S1A_IW_SLC__1SDV_20220701T125124_20220701T125151_043907_053DD5_8562.zip,2022-07-01 12:51:24.952000+00:00,S1A_IW_SLC__1SDV_20220701T125124_20220701T125151_043907_053DD5_8562,,Sentinel-1A,4233037871,3c10d223cb24e017de1bff5348713563,435,SENTINEL_1A_FRAME,43907,VV+VH,2022-07-01T12:51:24.952Z,C-SAR,S1A_IWDV_0434_0441_043907_085,003.52,S1A_IW_SLC__1SDV_20220701T125124_20220701T125151_043907_053DD5_8562.zip,IW,2022-07-01,14TMT
309,"POLYGON ((-98.391891 47.719704, -97.901413 49.333153, -101.424744 49.735088, -101.801216 48.120056, -98.391891 47.719704))",48.7402,-99.8743,2022-07-01T12:51:27.094Z,S1A_IW_SLC__1SDV_20220701T125100_20220701T125127_043907_053DD5_03A0-SLC,DESCENDING,85,SLC,https://datapool.asf.alaska.edu/SLC/SA/S1A_IW_SLC__1SDV_20220701T125100_20220701T125127_043907_053DD5_03A0.zip,2022-07-01 12:51:00.125000+00:00,S1A_IW_SLC__1SDV_20220701T125100_20220701T125127_043907_053DD5_03A0,,Sentinel-1A,4386815956,d7acd2be36804284ba57264fcfe79960,430,SENTINEL_1A_FRAME,43907,VV+VH,2022-07-01T12:51:00.125Z,C-SAR,S1A_IWDV_0429_0436_043907_085,003.52,S1A_IW_SLC__1SDV_20220701T125100_20220701T125127_043907_053DD5_03A0.zip,IW,2022-07-01,14TMT
313,"POLYGON ((-98.827675 46.232891, -98.354813 47.847275, -101.771736 48.247612, -102.139305 46.632187, -98.827675 46.232891))",47.2525,-100.2682,2022-06-19T12:51:51.212Z,S1A_IW_SLC__1SDV_20220619T125124_20220619T125151_043732_05389A_574E-SLC,DESCENDING,85,SLC,https://datapool.asf.alaska.edu/SLC/SA/S1A_IW_SLC__1SDV_20220619T125124_20220619T125151_043732_05389A_574E.zip,2022-06-19 12:51:24.249000+00:00,S1A_IW_SLC__1SDV_20220619T125124_20220619T125151_043732_05389A_574E,,Sentinel-1A,4239996031,1cf81e0795372b8bd8f2fad795c6c63f,435,SENTINEL_1A_FRAME,43732,VV+VH,2022-06-19T12:51:24.249Z,C-SAR,S1A_IWDV_0434_0441_043732_085,003.52,S1A_IW_SLC__1SDV_20220619T125124_20220619T125151_043732_05389A_574E.zip,IW,2022-06-19,14TMT
314,"POLYGON ((-98.390381 47.718857, -97.899895 49.332172, -101.423233 49.734188, -101.799736 48.119289, -98.390381 47.718857))",48.7393,-99.8728,2022-06-19T12:51:26.389Z,S1A_IW_SLC__1SDV_20220619T125059_20220619T125126_043732_05389A_50A7-SLC,DESCENDING,85,SLC,https://datapool.asf.alaska.edu/SLC/SA/S1A_IW_SLC__1SDV_20220619T125059_20220619T125126_043732_05389A_50A7.zip,2022-06-19 12:50:59.422000+00:00,S1A_IW_SLC__1SDV_20220619T125059_20220619T125126_043732_05389A_50A7,,Sentinel-1A,4363651725,2719ee41afb85c3aaef2832521060661,430,SENTINEL_1A_FRAME,43732,VV+VH,2022-06-19T12:50:59.422Z,C-SAR,S1A_IWDV_0429_0436_043732_085,003.52,S1A_IW_SLC__1SDV_20220619T125059_20220619T125126_043732_05389A_50A7.zip,IW,2022-06-19,14TMT
320,"POLYGON ((-98.828743 46.232655, -98.355782 47.84729, -101.772591 48.247639, -102.140244 46.631962, -98.828743 46.232655))",47.2524,-100.2692,2022-06-07T12:51:50.652Z,S1A_IW_SLC__1SDV_20220607T125123_20220607T125150_043557_053367_25FD-SLC,DESCENDING,85,SLC,https://datapool.asf.alaska.edu/SLC/SA/S1A_IW_SLC__1SDV_20220607T125123_20220607T125150_043557_053367_25FD.zip,2022-06-07 12:51:23.685000+00:00,S1A_IW_SLC__1SDV_20220607T125123_20220607T125150_043557_053367_25FD,,Sentinel-1A,4193737451,480621a83b0f52ac9919a8420997d301,435,SENTINEL_1A_FRAME,43557,VV+VH,2022-06-07T12:51:23.685Z,C-SAR,S1A_IWDV_0434_0441_043557_085,003.52,S1A_IW_SLC__1SDV_20220607T125123_20220607T125150_043557_053367_25FD.zip,IW,2022-06-07,14TMT
321,"POLYGON ((-98.391357 47.718872, -97.900833 49.332188, -101.424049 49.734215, -101.800591 48.119312, -98.391357 47.718872))",48.7393,-99.8736,2022-06-07T12:51:25.825Z,S1A_IW_SLC__1SDV_20220607T125058_20220607T125125_043557_053367_7439-SLC,DESCENDING,85,SLC,https://datapool.asf.alaska.edu/SLC/SA/S1A_IW_SLC__1SDV_20220607T125058_20220607T125125_043557_053367_7439.zip,2022-06-07 12:50:58.858000+00:00,S1A_IW_SLC__1SDV_20220607T125058_20220607T125125_043557_053367_7439,,Sentinel-1A,4262790527,6893c289b6813f1971ca40a1efd6bfa0,430,SENTINEL_1A_FRAME,43557,VV+VH,2022-06-07T12:50:58.858Z,C-SAR,S1A_IWDV_0429_0436_043557_085,003.52,S1A_IW_SLC__1SDV_20220607T125058_20220607T125125_043557_053367_7439.zip,IW,2022-06-07,14TMT
327,"POLYGON ((-98.82608 46.233723, -98.353157 47.848228, -101.770218 48.248596, -102.137833 46.633053, -98.82608 46.233723))",47.2534,-100.2666,2022-05-26T12:51:49.225Z,S1A_IW_SLC__1SDV_20220526T125122_20220526T125149_043382_052E36_8517-SLC,DESCENDING,85,SLC,https://datapool.asf.alaska.edu/SLC/SA/S1A_IW_SLC__1SDV_20220526T125122_20220526T125149_043382_052E36_8517.zip,2022-05-26 12:51:22.261000+00:00,S1A_IW_SLC__1SDV_20220526T125122_20220526T125149_043382_052E36_8517,,Sentinel-1A,4143691024,3cb6de4d0ee0452655303ba6f1025cd7,435,SENTINEL_1A_FRAME,43382,VV+VH,2022-05-26T12:51:22.261Z,C-SAR,S1A_IWDV_0434_0441_043382_085,003.52,S1A_IW_SLC__1SDV_20220526T125122_20220526T125149_043382_052E36_8517.zip,IW,2022-05-26,14TMT
328,"POLYGON ((-98.388733 47.71981, -97.898209 49.333122, -101.421692 49.735168, -101.798218 48.120274, -98.388733 47.71981))",48.7403,-99.8712,2022-05-26T12:51:24.400Z,S1A_IW_SLC__1SDV_20220526T125057_20220526T125124_043382_052E36_7DFF-SLC,DESCENDING,85,SLC,https://datapool.asf.alaska.edu/SLC/SA/S1A_IW_SLC__1SDV_20220526T125057_20220526T125124_043382_052E36_7DFF.zip,2022-05-26 12:50:57.434000+00:00,S1A_IW_SLC__1SDV_20220526T125057_20220526T125124_043382_052E36_7DFF,,Sentinel-1A,4280319106,c52ffe2e8eb5f5921506c7f8db16ac54,430,SENTINEL_1A_FRAME,43382,VV+VH,2022-05-26T12:50:57.434Z,C-SAR,S1A_IWDV_0429_0436_043382_085,003.52,S1A_IW_SLC__1SDV_20220526T125057_20220526T125124_043382_052E36_7DFF.zip,IW,2022-05-26,14TMT
334,"POLYGON ((-98.82859 46.233566, -98.355675 47.848206, -101.772659 48.248516, -102.140259 46.632839, -98.82859 46.233566))",47.2533,-100.2691,2022-05-14T12:51:48.722Z,S1A_IW_SLC__1SDV_20220514T125121_20220514T125148_043207_052905_53D1-SLC,DESCENDING,85,SLC,https://datapool.asf.alaska.edu/SLC/SA/S1A_IW_SLC__1SDV_20220514T125121_20220514T125148_043207_052905_53D1.zip,2022-05-14 12:51:21.755000+00:00,S1A_IW_SLC__1SDV_20220514T125121_20220514T125148_043207_052905_53D1,,Sentinel-1A,4309896216,6285f5ea59a76961112f4ebd216f3c62,435,SENTINEL_1A_FRAME,43207,VV+VH,2022-05-14T12:51:21.755Z,C-SAR,S1A_IWDV_0434_0441_043207_085,003.52,S1A_IW_SLC__1SDV_20220514T125121_20220514T125148_043207_052905_53D1.zip,IW,2022-05-14,14TMT
335,"POLYGON ((-98.391251 47.719788, -97.900818 49.332985, -101.42421 49.734974, -101.800659 48.12019, -98.391251 47.719788))",48.7402,-99.8737,2022-05-14T12:51:23.895Z,S1A_IW_SLC__1SDV_20220514T125056_20220514T125123_043207_052905_D935-SLC,DESCENDING,85,SLC,https://datapool.asf.alaska.edu/SLC/SA/S1A_IW_SLC__1SDV_20220514T125056_20220514T125123_043207_052905_D935.zip,2022-05-14 12:50:56.930000+00:00,S1A_IW_SLC__1SDV_20220514T125056_20220514T125123_043207_052905_D935,,Sentinel-1A,4471426264,15471403fb715a2af330e9cf30030a95,430,SENTINEL_1A_FRAME,43207,VV+VH,2022-05-14T12:50:56.930Z,C-SAR,S1A_IWDV_0429_0436_043207_085,003.52,S1A_IW_SLC__1SDV_20220514T125056_20220514T125123_043207_052905_D935.zip,IW,2022-05-14,14TMT
341,"POLYGON ((-98.827423 46.234097, -98.354584 47.848488, -101.771477 48.248779, -102.139015 46.633347, -98.827423 46.234097))",47.2537,-100.2679,2022-05-02T12:51:47.736Z,S1A_IW_SLC__1SDV_20220502T125120_20220502T125147_043032_05235B_0C69-SLC,DESCENDING,85,SLC,https://datapool.asf.alaska.edu/SLC/SA/S1A_IW_SLC__1SDV_20220502T125120_20220502T125147_043032_05235B_0C69.zip,2022-05-02 12:51:20.774000+00:00,S1A_IW_SLC__1SDV_20220502T125120_20220502T125147_043032_05235B_0C69,,Sentinel-1A,4072659393,bc7349c5decec84bbf7712c46420d245,435,SENTINEL_1A_FRAME,43032,VV+VH,2022-05-02T12:51:20.774Z,C-SAR,S1A_IWDV_0434_0441_043032_085,003.51,S1A_IW_SLC__1SDV_20220502T125120_20220502T125147_043032_05235B_0C69.zip,IW,2022-05-02,14TMT
342,"POLYGON ((-98.39019 47.719948, -97.899727 49.333271, -101.423027 49.735237, -101.7995 48.120331, -98.39019 47.719948))",48.7404,-99.8726,2022-05-02T12:51:22.916Z,S1A_IW_SLC__1SDV_20220502T125055_20220502T125122_043032_05235B_8CC6-SLC,DESCENDING,85,SLC,https://datapool.asf.alaska.edu/SLC/SA/S1A_IW_SLC__1SDV_20220502T125055_20220502T125122_043032_05235B_8CC6.zip,2022-05-02 12:50:55.949000+00:00,S1A_IW_SLC__1SDV_20220502T125055_20220502T125122_043032_05235B_8CC6,,Sentinel-1A,4205202301,6d5cc232b41feb6d81278b12403836d6,430,SENTINEL_1A_FRAME,43032,VV+VH,2022-05-02T12:50:55.949Z,C-SAR,S1A_IWDV_0429_0436_043032_085,003.51,S1A_IW_SLC__1SDV_20220502T125055_20220502T125122_043032_05235B_8CC6.zip,IW,2022-05-02,14TMT
348,"POLYGON ((-98.827469 46.23357, -98.35453 47.848206, -101.771469 48.248539, -102.139099 46.632866, -98.827469 46.23357))",47.2533,-100.268,2022-04-20T12:51:47.325Z,S1A_IW_SLC__1SDV_20220420T125120_20220420T125147_042857_051D98_6775-SLC,DESCENDING,85,SLC,https://datapool.asf.alaska.edu/SLC/SA/S1A_IW_SLC__1SDV_20220420T125120_20220420T125147_042857_051D98_6775.zip,2022-04-20 12:51:20.358000+00:00,S1A_IW_SLC__1SDV_20220420T125120_20220420T125147_042857_051D98_6775,,Sentinel-1A,3977628013,e79fdda113656babc0483b3f8f1cb18f,435,SENTINEL_1A_FRAME,42857,VV+VH,2022-04-20T12:51:20.358Z,C-SAR,S1A_IWDV_0434_0441_042857_085,003.51,S1A_IW_SLC__1SDV_20220420T125120_20220420T125147_042857_051D98_6775.zip,IW,2022-04-20,14TMT
349,"POLYGON ((-98.390099 47.719788, -97.899597 49.333107, -101.422958 49.735119, -101.799469 48.120213, -98.390099 47.719788))",48.7402,-99.8725,2022-04-20T12:51:22.498Z,S1A_IW_SLC__1SDV_20220420T125055_20220420T125122_042857_051D98_BC25-SLC,DESCENDING,85,SLC,https://datapool.asf.alaska.edu/SLC/SA/S1A_IW_SLC__1SDV_20220420T125055_20220420T125122_042857_051D98_BC25.zip,2022-04-20 12:50:55.531000+00:00,S1A_IW_SLC__1SDV_20220420T125055_20220420T125122_042857_051D98_BC25,,Sentinel-1A,3994180068,a93127fec381989a3a225bdedf577034,430,SENTINEL_1A_FRAME,42857,VV+VH,2022-04-20T12:50:55.531Z,C-SAR,S1A_IWDV_0429_0436_042857_085,003.51,S1A_IW_SLC__1SDV_20220420T125055_20220420T125122_042857_051D98_BC25.zip,IW,2022-04-20,14TMT
355,"POLYGON ((-98.827454 46.233593, -98.354507 47.848236, -101.771339 48.24855, -102.138969 46.63287, -98.827454 46.233593))",47.2533,-100.2679,2022-04-08T12:51:46.817Z,S1A_IW_SLC__1SDV_20220408T125119_20220408T125146_042682_0517BB_126C-SLC,DESCENDING,85,SLC,https://datapool.asf.alaska.edu/SLC/SA/S1A_IW_SLC__1SDV_20220408T125119_20220408T125146_042682_0517BB_126C.zip,2022-04-08 12:51:19.850000+00:00,S1A_IW_SLC__1SDV_20220408T125119_20220408T125146_042682_0517BB_126C,,Sentinel-1A,3794318612,5e9167a944c8dd5a1d709be7e673db99,435,SENTINEL_1A_FRAME,42682,VV+VH,2022-04-08T12:51:19.850Z,C-SAR,S1A_IWDV_0434_0441_042682_085,003.51,S1A_IW_SLC__1SDV_20220408T125119_20220408T125146_042682_0517BB_126C.zip,IW,2022-04-08,14TMT
356,"POLYGON ((-98.390083 47.719818, -97.899612 49.333015, -101.422852 49.735008, -101.799339 48.120224, -98.390083 47.719818))",48.7402,-99.8724,2022-04-08T12:51:21.990Z,S1A_IW_SLC__1SDV_20220408T125055_20220408T125121_042682_0517BB_AC66-SLC,DESCENDING,85,SLC,https://datapool.asf.alaska.edu/SLC/SA/S1A_IW_SLC__1SDV_20220408T125055_20220408T125121_042682_0517BB_AC66.zip,2022-04-08 12:50:55.025000+00:00,S1A_IW_SLC__1SDV_20220408T125055_20220408T125121_042682_0517BB_AC66,,Sentinel-1A,3919198132,70030deca08b4bc3f38fb2767f6be99e,430,SENTINEL_1A_FRAME,42682,VV+VH,2022-04-08T12:50:55.025Z,C-SAR,S1A_IWDV_0429_0436_042682_085,003.51,S1A_IW_SLC__1SDV_20220408T125055_20220408T125121_042682_0517BB_AC66.zip,IW,2022-04-08,14TMT
362,"POLYGON ((-98.828583 46.233532, -98.355629 47.848167, -101.772476 48.248482, -102.140114 46.632801, -98.828583 46.233532))",47.2532,-100.269,2022-03-27T12:51:46.738Z,S1A_IW_SLC__1SDV_20220327T125119_20220327T125146_042507_0511D5_F7D9-SLC,DESCENDING,85,SLC,https://datapool.asf.alaska.edu/SLC/SA/S1A_IW_SLC__1SDV_20220327T125119_20220327T125146_042507_0511D5_F7D9.zip,2022-03-27 12:51:19.771000+00:00,S1A_IW_SLC__1SDV_20220327T125119_20220327T125146_042507_0511D5_F7D9,,Sentinel-1A,3802358876,ef97063b5b714699ed1c41f28db7f90a,435,SENTINEL_1A_FRAME,42507,VV+VH,2022-03-27T12:51:19.771Z,C-SAR,S1A_IWDV_0434_0441_042507_085,003.51,S1A_IW_SLC__1SDV_20220327T125119_20220327T125146_042507_0511D5_F7D9.zip,IW,2022-03-27,14TMT
363,"POLYGON ((-98.391205 47.719749, -97.900726 49.332947, -101.423988 49.73494, -101.800476 48.120155, -98.391205 47.719749))",48.7401,-99.8735,2022-03-27T12:51:21.911Z,S1A_IW_SLC__1SDV_20220327T125054_20220327T125121_042507_0511D5_E4CC-SLC,DESCENDING,85,SLC,https://datapool.asf.alaska.edu/SLC/SA/S1A_IW_SLC__1SDV_20220327T125054_20220327T125121_042507_0511D5_E4CC.zip,2022-03-27 12:50:54.946000+00:00,S1A_IW_SLC__1SDV_20220327T125054_20220327T125121_042507_0511D5_E4CC,,Sentinel-1A,3959926085,05bcdd963360688485c5094d668892de,430,SENTINEL_1A_FRAME,42507,VV+VH,2022-03-27T12:50:54.946Z,C-SAR,S1A_IWDV_0429_0436_042507_085,003.51,S1A_IW_SLC__1SDV_20220327T125054_20220327T125121_042507_0511D5_E4CC.zip,IW,2022-03-27,14TMT
369,"POLYGON ((-98.828178 46.233414, -98.355278 47.847927, -101.77224 48.24823, -102.139824 46.632675, -98.828178 46.233414))",47.253,-100.2687,2022-03-15T12:51:46.256Z,S1A_IW_SLC__1SDV_20220315T125119_20220315T125146_042332_050BE3_FC58-SLC,DESCENDING,85,SLC,https://datapool.asf.alaska.edu/SLC/SA/S1A_IW_SLC__1SDV_20220315T125119_20220315T125146_042332_050BE3_FC58.zip,2022-03-15 12:51:19.292000+00:00,S1A_IW_SLC__1SDV_20220315T125119_20220315T125146_042332_050BE3_FC58,,Sentinel-1A,3964992674,cb904a5abe790be4ced6087ee22fec3d,435,SENTINEL_1A_FRAME,42332,VV+VH,2022-03-15T12:51:19.292Z,C-SAR,S1A_IWDV_0434_0441_042332_085,003.40,S1A_IW_SLC__1SDV_20220315T125119_20220315T125146_042332_050BE3_FC58.zip,IW,2022-03-15,14TMT
370,"POLYGON ((-98.390884 47.719383, -97.900398 49.332699, -101.423782 49.73468, -101.80027 48.119778, -98.390884 47.719383))",48.7398,-99.8733,2022-03-15T12:51:21.433Z,S1A_IW_SLC__1SDV_20220315T125054_20220315T125121_042332_050BE3_59E4-SLC,DESCENDING,85,SLC,https://datapool.asf.alaska.edu/SLC/SA/S1A_IW_SLC__1SDV_20220315T125054_20220315T125121_042332_050BE3_59E4.zip,2022-03-15 12:50:54.467000+00:00,S1A_IW_SLC__1SDV_20220315T125054_20220315T125121_042332_050BE3_59E4,,Sentinel-1A,4040071339,53639d6cd3a7c4fde84ece5a817d543e,430,SENTINEL_1A_FRAME,42332,VV+VH,2022-03-15T12:50:54.467Z,C-SAR,S1A_IWDV_0429_0436_042332_085,003.40,S1A_IW_SLC__1SDV_20220315T125054_20220315T125121_042332_050BE3_59E4.zip,IW,2022-03-15,14TMT
374,"POLYGON ((-98.827896 46.233639, -98.354965 47.848263, -101.772179 48.248585, -102.139778 46.632919, -98.827896 46.233639))",47.2533,-100.2685,2022-03-03T12:51:46.046Z,S1A_IW_SLC__1SDV_20220303T125119_20220303T125146_042157_0505EF_7801-SLC,DESCENDING,85,SLC,https://datapool.asf.alaska.edu/SLC/SA/S1A_IW_SLC__1SDV_20220303T125119_20220303T125146_042157_0505EF_7801.zip,2022-03-03 12:51:19.079000+00:00,S1A_IW_SLC__1SDV_20220303T125119_20220303T125146_042157_0505EF_7801,,Sentinel-1A,3942718315,cf67b372ac2f7ffc47a57673a895f189,435,SENTINEL_1A_FRAME,42157,VV+VH,2022-03-03T12:51:19.079Z,C-SAR,S1A_IWDV_0434_0441_042157_085,003.40,S1A_IW_SLC__1SDV_20220303T125119_20220303T125146_042157_0505EF_7801.zip,IW,2022-03-03,14TMT
375,"POLYGON ((-98.390572 47.719723, -97.900116 49.332905, -101.423759 49.734905, -101.800209 48.120136, -98.390572 47.719723))",48.7401,-99.8731,2022-03-03T12:51:21.221Z,S1A_IW_SLC__1SDV_20220303T125054_20220303T125121_042157_0505EF_3EBB-SLC,DESCENDING,85,SLC,https://datapool.asf.alaska.edu/SLC/SA/S1A_IW_SLC__1SDV_20220303T125054_20220303T125121_042157_0505EF_3EBB.zip,2022-03-03 12:50:54.256000+00:00,S1A_IW_SLC__1SDV_20220303T125054_20220303T125121_042157_0505EF_3EBB,,Sentinel-1A,4012336371,27165965e4d960c0736c9f024ee11f1e,430,SENTINEL_1A_FRAME,42157,VV+VH,2022-03-03T12:50:54.256Z,C-SAR,S1A_IWDV_0429_0436_042157_085,003.40,S1A_IW_SLC__1SDV_20220303T125054_20220303T125121_042157_0505EF_3EBB.zip,IW,2022-03-03,14TMT
0,"POLYGON ((-123.408791 44.082863, -122.973572 42.464729, -119.874542 42.862495, -120.222931 44.480453, -123.408791 44.082863))",43.4836,-121.6243,2023-12-27T02:01:52.692Z,S1A_IW_SLC__1SDV_20231227T020125_20231227T020152_051834_0642F5_8A4A-SLC,ASCENDING,137,SLC,https://datapool.asf.alaska.edu/SLC/SA/S1A_IW_SLC__1SDV_20231227T020125_20231227T020152_051834_0642F5_8A4A.zip,2023-12-27 02:01:25.719000+00:00,S1A_IW_SLC__1SDV_20231227T020125_20231227T020152_051834_0642F5_8A4A,,Sentinel-1A,8160208081,54641c1230a383f93da80f4bf1099e9a,138,SENTINEL_1A_FRAME,51834,VV+VH,2023-12-27T02:01:25.719Z,C-SAR,S1A_IWDV_0137_0144_051834_137,003.71,S1A_IW_SLC__1SDV_20231227T020125_20231227T020152_051834_0642F5_8A4A.zip,IW,2023-12-27,10TFN
1,"POLYGON ((-123.00367 42.594341, -122.56562 40.917736, -119.544937 41.315742, -119.899712 42.991764, -123.00367 42.594341))",41.9652,-121.2574,2023-12-27T02:01:27.869Z,S1A_IW_SLC__1SDV_20231227T020059_20231227T020127_051834_0642F5_3F57-SLC,ASCENDING,137,SLC,https://datapool.asf.alaska.edu/SLC/SA/S1A_IW_SLC__1SDV_20231227T020059_20231227T020127_051834_0642F5_3F57.zip,2023-12-27 02:00:59.940000+00:00,S1A_IW_SLC__1SDV_20231227T020059_20231227T020127_051834_0642F5_3F57,,Sentinel-1A,8481921267,634795c0cb6c876110a1da0413cf00ca,133,SENTINEL_1A_FRAME,51834,VV+VH,2023-12-27T02:00:59.940Z,C-SAR,S1A_IWDV_0133_0138_051834_137,003.71,S1A_IW_SLC__1SDV_20231227T020059_20231227T020127_051834_0642F5_3F57.zip,IW,2023-12-27,10TFN
2,"POLYGON ((-120.884872 40.917706, -120.461998 42.536106, -123.523651 42.929241, -123.867264 41.311356, -120.884872 40.917706))",41.9337,-122.1805,2023-12-25T14:15:44.851Z,S1A_IW_SLC__1SDV_20231225T141517_20231225T141544_051812_06423A_A9B2-SLC,DESCENDING,115,SLC,https://datapool.asf.alaska.edu/SLC/SA/S1A_IW_SLC__1SDV_20231225T141517_20231225T141544_051812_06423A_A9B2.zip,2023-12-25 14:15:17.891000+00:00,S1A_IW_SLC__1SDV_20231225T141517_20231225T141544_051812_06423A_A9B2,,Sentinel-1A,7752069844,1c696ef5d898bf8ecca585d51b30d9de,452,SENTINEL_1A_FRAME,51812,VV+VH,2023-12-25T14:15:17.891Z,C-SAR,S1A_IWDV_0452_0458_051812_115,003.71,S1A_IW_SLC__1SDV_20231225T141517_20231225T141544_051812_06423A_A9B2.zip,IW,2023-12-25,10TFN
3,"POLYGON ((-120.486465 42.406597, -120.051498 44.024044, -123.196144 44.417797, -123.545593 42.800484, -120.486465 42.406597))",43.4229,-121.8157,2023-12-25T14:15:20.027Z,S1A_IW_SLC__1SDV_20231225T141453_20231225T141520_051812_06423A_254E-SLC,DESCENDING,115,SLC,https://datapool.asf.alaska.edu/SLC/SA/S1A_IW_SLC__1SDV_20231225T141453_20231225T141520_051812_06423A_254E.zip,2023-12-25 14:14:53.064000+00:00,S1A_IW_SLC__1SDV_20231225T141453_20231225T141520_051812_06423A_254E,,Sentinel-1A,7751985554,cd3d2e5c7a732d6182bbe512947807a7,447,SENTINEL_1A_FRAME,51812,VV+VH,2023-12-25T14:14:53.064Z,C-SAR,S1A_IWDV_0447_0453_051812_115,003.71,S1A_IW_SLC__1SDV_20231225T141453_20231225T141520_051812_06423A_254E.zip,IW,2023-12-25,10TFN
8,"POLYGON ((-123.410637 44.083466, -122.97538 42.465199, -119.876526 42.862953, -120.224953 44.481045, -123.410637 44.083466))",43.4841,-121.6263,2023-12-15T02:01:53.699Z,S1A_IW_SLC__1SDV_20231215T020126_20231215T020153_051659_063CE9_DFF2-SLC,ASCENDING,137,SLC,https://datapool.asf.alaska.edu/SLC/SA/S1A_IW_SLC__1SDV_20231215T020126_20231215T020153_051659_063CE9_DFF2.zip,2023-12-15 02:01:26.724000+00:00,S1A_IW_SLC__1SDV_20231215T020126_20231215T020153_051659_063CE9_DFF2,,Sentinel-1A,8160066622,44fd08ee5b29f13b1450a20cbb9704c7,138,SENTINEL_1A_FRAME,51659,VV+VH,2023-12-15T02:01:26.724Z,C-SAR,S1A_IWDV_0137_0144_051659_137,003.71,S1A_IW_SLC__1SDV_20231215T020126_20231215T020153_051659_063CE9_DFF2.zip,IW,2023-12-15,10TFN
9,"POLYGON ((-123.005463 42.594814, -122.567459 40.918449, -119.546944 41.316437, -119.901688 42.992226, -123.005463 42.594814))",41.9658,-121.2593,2023-12-15T02:01:28.874Z,S1A_IW_SLC__1SDV_20231215T020100_20231215T020128_051659_063CE9_71E3-SLC,ASCENDING,137,SLC,https://datapool.asf.alaska.edu/SLC/SA/S1A_IW_SLC__1SDV_20231215T020100_20231215T020128_051659_063CE9_71E3.zip,2023-12-15 02:01:00.949000+00:00,S1A_IW_SLC__1SDV_20231215T020100_20231215T020128_051659_063CE9_71E3,,Sentinel-1A,8481732077,ad9eca5e6153122c0eff2673b23e51f3,133,SENTINEL_1A_FRAME,51659,VV+VH,2023-12-15T02:01:00.949Z,C-SAR,S1A_IWDV_0132_0139_051659_137,003.71,S1A_IW_SLC__1SDV_20231215T020100_20231215T020128_051659_063CE9_71E3.zip,IW,2023-12-15,10TFN
10,"POLYGON ((-120.886475 40.917561, -120.463554 42.536079, -123.525238 42.929222, -123.868881 41.311214, -120.886475 40.917561))",41.9336,-122.1821,2023-12-13T14:15:45.825Z,S1A_IW_SLC__1SDV_20231213T141518_20231213T141545_051637_063C36_2275-SLC,DESCENDING,115,SLC,https://datapool.asf.alaska.edu/SLC/SA/S1A_IW_SLC__1SDV_20231213T141518_20231213T141545_051637_063C36_2275.zip,2023-12-13 14:15:18.862000+00:00,S1A_IW_SLC__1SDV_20231213T141518_20231213T141545_051637_063C36_2275,,Sentinel-1A,7751970793,87ff2002cbc602595d3dd6eac384a2b5,452,SENTINEL_1A_FRAME,51637,VV+VH,2023-12-13T14:15:18.862Z,C-SAR,S1A_IWDV_0452_0458_051637_115,003.71,S1A_IW_SLC__1SDV_20231213T141518_20231213T141545_051637_063C36_2275.zip,IW,2023-12-13,10TFN
11,"POLYGON ((-120.488037 42.406574, -120.053131 44.023773, -123.197784 44.41753, -123.54718 42.800465, -120.488037 42.406574))",43.4227,-121.8173,2023-12-13T14:15:20.998Z,S1A_IW_SLC__1SDV_20231213T141454_20231213T141520_051637_063C36_E68F-SLC,DESCENDING,115,SLC,https://datapool.asf.alaska.edu/SLC/SA/S1A_IW_SLC__1SDV_20231213T141454_20231213T141520_051637_063C36_E68F.zip,2023-12-13 14:14:54.040000+00:00,S1A_IW_SLC__1SDV_20231213T141454_20231213T141520_051637_063C36_E68F,,Sentinel-1A,7751911388,87e1c439b6ab95b9661779c944474a7a,447,SENTINEL_1A_FRAME,51637,VV+VH,2023-12-13T14:14:54.040Z,C-SAR,S1A_IWDV_0447_0453_051637_115,003.71,S1A_IW_SLC__1SDV_20231213T141454_20231213T141520_051637_063C36_E68F.zip,IW,2023-12-13,10TFN
16,"POLYGON ((-123.412712 44.083473, -122.977333 42.465107, -119.878204 42.862984, -120.226738 44.481174, -123.412712 44.083473))",43.4841,-121.6281,2023-12-03T02:01:54.236Z,S1A_IW_SLC__1SDV_20231203T020127_20231203T020154_051484_0636C5_7D7E-SLC,ASCENDING,137,SLC,https://datapool.asf.alaska.edu/SLC/SA/S1A_IW_SLC__1SDV_20231203T020127_20231203T020154_051484_0636C5_7D7E.zip,2023-12-03 02:01:27.258000+00:00,S1A_IW_SLC__1SDV_20231203T020127_20231203T020154_051484_0636C5_7D7E,,Sentinel-1A,8160097259,8ab141dec34f6220ad107b14c26ae4cd,138,SENTINEL_1A_FRAME,51484,VV+VH,2023-12-03T02:01:27.258Z,C-SAR,S1A_IWDV_0137_0144_051484_137,003.71,S1A_IW_SLC__1SDV_20231203T020127_20231203T020154_051484_0636C5_7D7E.zip,IW,2023-12-03,10TFN
17,"POLYGON ((-123.007339 42.59473, -122.569099 40.91777, -119.548378 41.315876, -119.90332 42.992256, -123.007339 42.59473))",41.9655,-121.261,2023-12-03T02:01:29.409Z,S1A_IW_SLC__1SDV_20231203T020101_20231203T020129_051484_0636C5_E2CA-SLC,ASCENDING,137,SLC,https://datapool.asf.alaska.edu/SLC/SA/S1A_IW_SLC__1SDV_20231203T020101_20231203T020129_051484_0636C5_E2CA.zip,2023-12-03 02:01:01.474000+00:00,S1A_IW_SLC__1SDV_20231203T020101_20231203T020129_051484_0636C5_E2CA,,Sentinel-1A,8481889643,2f79b4ebadb1302620a99e80647d8f1a,133,SENTINEL_1A_FRAME,51484,VV+VH,2023-12-03T02:01:01.474Z,C-SAR,S1A_IWDV_0132_0139_051484_137,003.71,S1A_IW_SLC__1SDV_20231203T020101_20231203T020129_051484_0636C5_E2CA.zip,IW,2023-12-03,10TFN
18,"POLYGON ((-120.884804 40.917614, -120.4618 42.536251, -123.523506 42.929459, -123.867233 41.311337, -120.884804 40.917614))",41.9337,-122.1804,2023-12-01T14:15:46.109Z,S1A_IW_SLC__1SDV_20231201T141519_20231201T141546_051462_06360A_CBEA-SLC,DESCENDING,115,SLC,https://datapool.asf.alaska.edu/SLC/SA/S1A_IW_SLC__1SDV_20231201T141519_20231201T141546_051462_06360A_CBEA.zip,2023-12-01 14:15:19.144000+00:00,S1A_IW_SLC__1SDV_20231201T141519_20231201T141546_051462_06360A_CBEA,,Sentinel-1A,7751969497,dbe5815f4ad2e1e3041c9d5122ba7e73,452,SENTINEL_1A_FRAME,51462,VV+VH,2023-12-01T14:15:19.144Z,C-SAR,S1A_IWDV_0452_0458_051462_115,003.71,S1A_IW_SLC__1SDV_20231201T141519_20231201T141546_051462_06360A_CBEA.zip,IW,2023-12-01,10TFN
19,"POLYGON ((-120.486259 42.406742, -120.051186 44.024303, -123.195892 44.418133, -123.545433 42.800701, -120.486259 42.406742))",43.4231,-121.8155,2023-12-01T14:15:21.280Z,S1A_IW_SLC__1SDV_20231201T141454_20231201T141521_051462_06360A_1875-SLC,DESCENDING,115,SLC,https://datapool.asf.alaska.edu/SLC/SA/S1A_IW_SLC__1SDV_20231201T141454_20231201T141521_051462_06360A_1875.zip,2023-12-01 14:14:54.315000+00:00,S1A_IW_SLC__1SDV_20231201T141454_20231201T141521_051462_06360A_1875,,Sentinel-1A,7751986714,3da1ecd598cb965b774b6349ff2dc0a5,447,SENTINEL_1A_FRAME,51462,VV+VH,2023-12-01T14:14:54.315Z,C-SAR,S1A_IWDV_0447_0453_051462_115,003.71,S1A_IW_SLC__1SDV_20231201T141454_20231201T141521_051462_06360A_1875.zip,IW,2023-12-01,10TFN
24,"POLYGON ((-123.412216 44.083218, -122.976913 42.465092, -119.877937 42.862942, -120.226418 44.480892, -123.412216 44.083218))",43.484,-121.6277,2023-11-21T02:01:54.707Z,S1A_IW_SLC__1SDV_20231121T020127_20231121T020154_051309_0630CB_2B78-SLC,ASCENDING,137,SLC,https://datapool.asf.alaska.edu/SLC/SA/S1A_IW_SLC__1SDV_20231121T020127_20231121T020154_051309_0630CB_2B78.zip,2023-11-21 02:01:27.734000+00:00,S1A_IW_SLC__1SDV_20231121T020127_20231121T020154_051309_0630CB_2B78,,Sentinel-1A,8160028847,65de2dbac1edad0731f38a18bd8dde3c,138,SENTINEL_1A_FRAME,51309,VV+VH,2023-11-21T02:01:27.734Z,C-SAR,S1A_IWDV_0137_0144_051309_137,003.71,S1A_IW_SLC__1SDV_20231121T020127_20231121T020154_051309_0630CB_2B78.zip,IW,2023-11-21,10TFN
25,"POLYGON ((-123.007034 42.59483, -122.568825 40.917988, -119.54821 41.316067, -119.90313 42.992332, -123.007034 42.59483))",41.9657,-121.2607,2023-11-21T02:01:29.886Z,S1A_IW_SLC__1SDV_20231121T020101_20231121T020129_051309_0630CB_823D-SLC,ASCENDING,137,SLC,https://datapool.asf.alaska.edu/SLC/SA/S1A_IW_SLC__1SDV_20231121T020101_20231121T020129_051309_0630CB_823D.zip,2023-11-21 02:01:01.953000+00:00,S1A_IW_SLC__1SDV_20231121T020101_20231121T020129_051309_0630CB_823D,,Sentinel-1A,8481775859,a884e0935359895983c5fc98affde889,133,SENTINEL_1A_FRAME,51309,VV+VH,2023-11-21T02:01:01.953Z,C-SAR,S1A_IWDV_0132_0139_051309_137,003.71,S1A_IW_SLC__1SDV_20231121T020101_20231121T020129_051309_0630CB_823D.zip,IW,2023-11-21,10TFN
26,"POLYGON ((-120.885674 40.917328, -120.462685 42.535843, -123.524284 42.929054, -123.868004 41.31105, -120.885674 40.917328))",41.9334,-122.1812,2023-11-19T14:15:46.772Z,S1A_IW_SLC__1SDV_20231119T141519_20231119T141546_051287_063010_E29C-SLC,DESCENDING,115,SLC,https://datapool.asf.alaska.edu/SLC/SA/S1A_IW_SLC__1SDV_20231119T141519_20231119T141546_051287_063010_E29C.zip,2023-11-19 14:15:19.809000+00:00,S1A_IW_SLC__1SDV_20231119T141519_20231119T141546_051287_063010_E29C,,Sentinel-1A,7752078524,b9c162c225659eb5a87d1b4f8d923062,452,SENTINEL_1A_FRAME,51287,VV+VH,2023-11-19T14:15:19.809Z,C-SAR,S1A_IWDV_0452_0458_051287_115,003.71,S1A_IW_SLC__1SDV_20231119T141519_20231119T141546_051287_063010_E29C.zip,IW,2023-11-19,10TFN
27,"POLYGON ((-120.487175 42.406334, -120.052132 44.023777, -123.196709 44.417606, -123.546234 42.800297, -120.487175 42.406334))",43.4226,-121.8164,2023-11-19T14:15:21.945Z,S1A_IW_SLC__1SDV_20231119T141454_20231119T141521_051287_063010_7D58-SLC,DESCENDING,115,SLC,https://datapool.asf.alaska.edu/SLC/SA/S1A_IW_SLC__1SDV_20231119T141454_20231119T141521_051287_063010_7D58.zip,2023-11-19 14:14:54.982000+00:00,S1A_IW_SLC__1SDV_20231119T141454_20231119T141521_051287_063010_7D58,,Sentinel-1A,7751946448,536ed38f8b2379028ba44712aafa755a,447,SENTINEL_1A_FRAME,51287,VV+VH,2023-11-19T14:14:54.982Z,C-SAR,S1A_IWDV_0448_0453_051287_115,003.71,S1A_IW_SLC__1SDV_20231119T141454_20231119T141521_051287_063010_7D58.zip,IW,2023-11-19,10TFN
32,"POLYGON ((-123.408951 44.082077, -122.973633 42.463829, -119.874626 42.861691, -120.223114 44.479763, -123.408951 44.082077))",43.4828,-121.6245,2023-11-09T02:01:54.417Z,S1A_IW_SLC__1SDV_20231109T020127_20231109T020154_051134_062ABB_3F16-SLC,ASCENDING,137,SLC,https://datapool.asf.alaska.edu/SLC/SA/S1A_IW_SLC__1SDV_20231109T020127_20231109T020154_051134_062ABB_3F16.zip,2023-11-09 02:01:27.442000+00:00,S1A_IW_SLC__1SDV_20231109T020127_20231109T020154_051134_062ABB_3F16,,Sentinel-1A,8160035435,e64c412be0ffaf91358eb57825df85ba,138,SENTINEL_1A_FRAME,51134,VV+VH,2023-11-09T02:01:27.442Z,C-SAR,S1A_IWDV_0137_0144_051134_137,003.71,S1A_IW_SLC__1SDV_20231109T020127_20231109T020154_051134_062ABB_3F16.zip,IW,2023-11-09,10TFN
33,"POLYGON ((-123.003693 42.593445, -122.565506 40.916603, -119.544868 41.314697, -119.899773 42.990959, -123.003693 42.593445))",41.9643,-121.2574,2023-11-09T02:01:29.592Z,S1A_IW_SLC__1SDV_20231109T020101_20231109T020129_051134_062ABB_834A-SLC,ASCENDING,137,SLC,https://datapool.asf.alaska.edu/SLC/SA/S1A_IW_SLC__1SDV_20231109T020101_20231109T020129_051134_062ABB_834A.zip,2023-11-09 02:01:01.659000+00:00,S1A_IW_SLC__1SDV_20231109T020101_20231109T020129_051134_062ABB_834A,,Sentinel-1A,8481753203,141a4843c138eb88726d1ae5c84b2e20,133,SENTINEL_1A_FRAME,51134,VV+VH,2023-11-09T02:01:01.659Z,C-SAR,S1A_IWDV_0132_0139_051134_137,003.71,S1A_IW_SLC__1SDV_20231109T020101_20231109T020129_051134_062ABB_834A.zip,IW,2023-11-09,10TFN
38,"POLYGON ((-123.409073 44.082024, -122.973877 42.463879, -119.875046 42.861629, -120.223427 44.479595, -123.409073 44.082024))",43.4827,-121.6247,2023-10-28T02:01:55.305Z,S1A_IW_SLC__1SDV_20231028T020128_20231028T020155_050959_0624B2_6907-SLC,ASCENDING,137,SLC,https://datapool.asf.alaska.edu/SLC/SA/S1A_IW_SLC__1SDV_20231028T020128_20231028T020155_050959_0624B2_6907.zip,2023-10-28 02:01:28.332000+00:00,S1A_IW_SLC__1SDV_20231028T020128_20231028T020155_050959_0624B2_6907,,Sentinel-1A,8159975885,0bbf764dca636d0a05a2a4e7578f4ddd,138,SENTINEL_1A_FRAME,50959,VV+VH,2023-10-28T02:01:28.332Z,C-SAR,S1A_IWDV_0137_0144_050959_137,003.71,S1A_IW_SLC__1SDV_20231028T020128_20231028T020155_050959_0624B2_6907.zip,IW,2023-10-28,10TFN
39,"POLYGON ((-123.003929 42.593628, -122.565887 40.917011, -119.545425 41.314991, -119.900192 42.991028, -123.003929 42.593628))",41.9645,-121.2578,2023-10-28T02:01:30.485Z,S1A_IW_SLC__1SDV_20231028T020102_20231028T020130_050959_0624B2_57A5-SLC,ASCENDING,137,SLC,https://datapool.asf.alaska.edu/SLC/SA/S1A_IW_SLC__1SDV_20231028T020102_20231028T020130_050959_0624B2_57A5.zip,2023-10-28 02:01:02.556000+00:00,S1A_IW_SLC__1SDV_20231028T020102_20231028T020130_050959_0624B2_57A5,,Sentinel-1A,8481723120,cbd5beac9dd52fe935c4773b2c2aaff5,133,SENTINEL_1A_FRAME,50959,VV+VH,2023-10-28T02:01:02.556Z,C-SAR,S1A_IWDV_0132_0139_050959_137,003.71,S1A_IW_SLC__1SDV_20231028T020102_20231028T020130_050959_0624B2_57A5.zip,IW,2023-10-28,10TFN
44,"POLYGON ((-123.409813 44.082378, -122.974564 42.464115, -119.875694 42.861889, -120.224121 44.479977, -123.409813 44.082378))",43.483,-121.6254,2023-10-16T02:01:55.436Z,S1A_IW_SLC__1SDV_20231016T020128_20231016T020155_050784_061EC8_959D-SLC,ASCENDING,137,SLC,https://datapool.asf.alaska.edu/SLC/SA/S1A_IW_SLC__1SDV_20231016T020128_20231016T020155_050784_061EC8_959D.zip,2023-10-16 02:01:28.461000+00:00,S1A_IW_SLC__1SDV_20231016T020128_20231016T020155_050784_061EC8_959D,,Sentinel-1A,8160099803,ba97bba85f3b7be52a8ad1aca6eb8e0e,138,SENTINEL_1A_FRAME,50784,VV+VH,2023-10-16T02:01:28.461Z,C-SAR,S1A_IWDV_0137_0144_050784_137,003.61,S1A_IW_SLC__1SDV_20231016T020128_20231016T020155_050784_061EC8_959D.zip,IW,2023-10-16,10TFN
45,"POLYGON ((-123.004623 42.593861, -122.566505 40.917004, -119.546005 41.315006, -119.900848 42.991283, -123.004623 42.593861))",41.9646,-121.2584,2023-10-16T02:01:30.613Z,S1A_IW_SLC__1SDV_20231016T020102_20231016T020130_050784_061EC8_3469-SLC,ASCENDING,137,SLC,https://datapool.asf.alaska.edu/SLC/SA/S1A_IW_SLC__1SDV_20231016T020102_20231016T020130_050784_061EC8_3469.zip,2023-10-16 02:01:02.680000+00:00,S1A_IW_SLC__1SDV_20231016T020102_20231016T020130_050784_061EC8_3469,,Sentinel-1A,8481820999,124ba2fb32db876ddb171ce0554ad359,133,SENTINEL_1A_FRAME,50784,VV+VH,2023-10-16T02:01:02.680Z,C-SAR,S1A_IWDV_0132_0139_050784_137,003.61,S1A_IW_SLC__1SDV_20231016T020102_20231016T020130_050784_061EC8_3469.zip,IW,2023-10-16,10TFN
46,"POLYGON ((-120.884384 40.918545, -120.461464 42.537071, -123.523056 42.930214, -123.866714 41.312199, -120.884384 40.918545))",41.9346,-122.18,2023-10-14T14:15:47.247Z,S1A_IW_SLC__1SDV_20231014T141520_20231014T141547_050762_061E0B_23A3-SLC,DESCENDING,115,SLC,https://datapool.asf.alaska.edu/SLC/SA/S1A_IW_SLC__1SDV_20231014T141520_20231014T141547_050762_061E0B_23A3.zip,2023-10-14 14:15:20.284000+00:00,S1A_IW_SLC__1SDV_20231014T141520_20231014T141547_050762_061E0B_23A3,,Sentinel-1A,7752052296,b8377c2de50cd3d03140f5844150f20d,452,SENTINEL_1A_FRAME,50762,VV+VH,2023-10-14T14:15:20.284Z,C-SAR,S1A_IWDV_0452_0458_050762_115,003.61,S1A_IW_SLC__1SDV_20231014T141520_20231014T141547_050762_061E0B_23A3.zip,IW,2023-10-14,10TFN
47,"POLYGON ((-120.485931 42.407436, -120.050987 44.024765, -123.195564 44.418526, -123.545006 42.801331, -120.485931 42.407436))",43.4237,-121.8152,2023-10-14T14:15:22.422Z,S1A_IW_SLC__1SDV_20231014T141455_20231014T141522_050762_061E0B_3F63-SLC,DESCENDING,115,SLC,https://datapool.asf.alaska.edu/SLC/SA/S1A_IW_SLC__1SDV_20231014T141455_20231014T141522_050762_061E0B_3F63.zip,2023-10-14 14:14:55.461000+00:00,S1A_IW_SLC__1SDV_20231014T141455_20231014T141522_050762_061E0B_3F63,,Sentinel-1A,7752018621,1492356e551a08869eaa195c3f4af57b,447,SENTINEL_1A_FRAME,50762,VV+VH,2023-10-14T14:14:55.461Z,C-SAR,S1A_IWDV_0447_0453_050762_115,003.61,S1A_IW_SLC__1SDV_20231014T141455_20231014T141522_050762_061E0B_3F63.zip,IW,2023-10-14,10TFN
52,"POLYGON ((-123.41021 44.08218, -122.974922 42.463913, -119.876274 42.861702, -120.224747 44.479794, -123.41021 44.08218))",43.4828,-121.6259,2023-10-04T02:01:55.218Z,S1A_IW_SLC__1SDV_20231004T020128_20231004T020155_050609_0618C2_C9CE-SLC,ASCENDING,137,SLC,https://datapool.asf.alaska.edu/SLC/SA/S1A_IW_SLC__1SDV_20231004T020128_20231004T020155_050609_0618C2_C9CE.zip,2023-10-04 02:01:28.243000+00:00,S1A_IW_SLC__1SDV_20231004T020128_20231004T020155_050609_0618C2_C9CE,,Sentinel-1A,8160093062,1772b34f5a242848eba3306c2efd9427,138,SENTINEL_1A_FRAME,50609,VV+VH,2023-10-04T02:01:28.243Z,C-SAR,S1A_IWDV_0137_0144_050609_137,003.61,S1A_IW_SLC__1SDV_20231004T020128_20231004T020155_050609_0618C2_C9CE.zip,IW,2023-10-04,10TFN
53,"POLYGON ((-123.004974 42.593658, -122.566818 40.916794, -119.546547 41.314816, -119.901428 42.991096, -123.004974 42.593658))",41.9644,-121.2589,2023-10-04T02:01:30.395Z,S1A_IW_SLC__1SDV_20231004T020102_20231004T020130_050609_0618C2_1377-SLC,ASCENDING,137,SLC,https://datapool.asf.alaska.edu/SLC/SA/S1A_IW_SLC__1SDV_20231004T020102_20231004T020130_050609_0618C2_1377.zip,2023-10-04 02:01:02.463000+00:00,S1A_IW_SLC__1SDV_20231004T020102_20231004T020130_050609_0618C2_1377,,Sentinel-1A,8481817175,d24fedb7ab0bf45d7e911984ec70bfc9,133,SENTINEL_1A_FRAME,50609,VV+VH,2023-10-04T02:01:02.463Z,C-SAR,S1A_IWDV_0132_0139_050609_137,003.61,S1A_IW_SLC__1SDV_20231004T020102_20231004T020130_050609_0618C2_1377.zip,IW,2023-10-04,10TFN
54,"POLYGON ((-120.885445 40.918758, -120.462509 42.537289, -123.523994 42.930439, -123.867668 41.31242, -120.885445 40.918758))",41.9348,-122.181,2023-10-02T14:15:47.337Z,S1A_IW_SLC__1SDV_20231002T141520_20231002T141547_050587_06180A_4940-SLC,DESCENDING,115,SLC,https://datapool.asf.alaska.edu/SLC/SA/S1A_IW_SLC__1SDV_20231002T141520_20231002T141547_050587_06180A_4940.zip,2023-10-02 14:15:20.374000+00:00,S1A_IW_SLC__1SDV_20231002T141520_20231002T141547_050587_06180A_4940,,Sentinel-1A,7751891103,9359f589b20d7e93965a63cc7e4911cc,452,SENTINEL_1A_FRAME,50587,VV+VH,2023-10-02T14:15:20.374Z,C-SAR,S1A_IWDV_0452_0458_050587_115,003.61,S1A_IW_SLC__1SDV_20231002T141520_20231002T141547_050587_06180A_4940.zip,IW,2023-10-02,10TFN
55,"POLYGON ((-120.486969 42.40765, -120.05201 44.024986, -123.196472 44.418755, -123.545937 42.801556, -120.486969 42.40765))",43.4239,-121.8161,2023-10-02T14:15:22.512Z,S1A_IW_SLC__1SDV_20231002T141455_20231002T141522_050587_06180A_60F8-SLC,DESCENDING,115,SLC,https://datapool.asf.alaska.edu/SLC/SA/S1A_IW_SLC__1SDV_20231002T141455_20231002T141522_050587_06180A_60F8.zip,2023-10-02 14:14:55.551000+00:00,S1A_IW_SLC__1SDV_20231002T141455_20231002T141522_050587_06180A_60F8,,Sentinel-1A,7751826720,47ec6ef062147896ed85a2d44373452b,447,SENTINEL_1A_FRAME,50587,VV+VH,2023-10-02T14:14:55.551Z,C-SAR,S1A_IWDV_0447_0453_050587_115,003.61,S1A_IW_SLC__1SDV_20231002T141455_20231002T141522_050587_06180A_60F8.zip,IW,2023-10-02,10TFN
60,"POLYGON ((-123.410873 44.082344, -122.975586 42.464069, -119.877022 42.861851, -120.225494 44.47995, -123.410873 44.082344))",43.483,-121.6266,2023-09-22T02:01:55.116Z,S1A_IW_SLC__1SDV_20230922T020128_20230922T020155_050434_0612BE_37EA-SLC,ASCENDING,137,SLC,https://datapool.asf.alaska.edu/SLC/SA/S1A_IW_SLC__1SDV_20230922T020128_20230922T020155_050434_0612BE_37EA.zip,2023-09-22 02:01:28.141000+00:00,S1A_IW_SLC__1SDV_20230922T020128_20230922T020155_050434_0612BE_37EA,,Sentinel-1A,4570663856,b66b6b78d4497eca47fbc23725775005,138,SENTINEL_1A_FRAME,50434,VV+VH,2023-09-22T02:01:28.141Z,C-SAR,S1A_IWDV_0137_0144_050434_137,003.61,S1A_IW_SLC__1SDV_20230922T020128_20230922T020155_050434_0612BE_37EA.zip,IW,2023-09-22,10TFN
61,"POLYGON ((-123.005615 42.593693, -122.567459 40.916821, -119.547256 41.314835, -119.902145 42.991123, -123.005615 42.593693))",41.9645,-121.2595,2023-09-22T02:01:30.292Z,S1A_IW_SLC__1SDV_20230922T020102_20230922T020130_050434_0612BE_799D-SLC,ASCENDING,137,SLC,https://datapool.asf.alaska.edu/SLC/SA/S1A_IW_SLC__1SDV_20230922T020102_20230922T020130_050434_0612BE_799D.zip,2023-09-22 02:01:02.359000+00:00,S1A_IW_SLC__1SDV_20230922T020102_20230922T020130_050434_0612BE_799D,,Sentinel-1A,4698769001,e010cebba1910b88349002d6cbd9b8c3,133,SENTINEL_1A_FRAME,50434,VV+VH,2023-09-22T02:01:02.359Z,C-SAR,S1A_IWDV_0132_0139_050434_137,003.61,S1A_IW_SLC__1SDV_20230922T020102_20230922T020130_050434_0612BE_799D.zip,IW,2023-09-22,10TFN
62,"POLYGON ((-120.884834 40.918961, -120.461868 42.537621, -123.523315 42.930771, -123.86702 41.31263, -120.884834 40.918961))",41.9351,-122.1803,2023-09-20T14:15:46.934Z,S1A_IW_SLC__1SDV_20230920T141519_20230920T141546_050412_061208_FE04-SLC,DESCENDING,115,SLC,https://datapool.asf.alaska.edu/SLC/SA/S1A_IW_SLC__1SDV_20230920T141519_20230920T141546_050412_061208_FE04.zip,2023-09-20 14:15:19.970000+00:00,S1A_IW_SLC__1SDV_20230920T141519_20230920T141546_050412_061208_FE04,,Sentinel-1A,4556246605,ccb0ff59a045aa1d8b3d728a409262b4,452,SENTINEL_1A_FRAME,50412,VV+VH,2023-09-20T14:15:19.970Z,C-SAR,S1A_IWDV_0452_0458_050412_115,003.61,S1A_IW_SLC__1SDV_20230920T141519_20230920T141546_050412_061208_FE04.zip,IW,2023-09-20,10TFN
63,"POLYGON ((-120.486343 42.407852, -120.051353 44.025314, -123.195778 44.419086, -123.545265 42.801762, -120.486343 42.407852))",43.4241,-121.8155,2023-09-20T14:15:22.109Z,S1A_IW_SLC__1SDV_20230920T141455_20230920T141522_050412_061208_852C-SLC,DESCENDING,115,SLC,https://datapool.asf.alaska.edu/SLC/SA/S1A_IW_SLC__1SDV_20230920T141455_20230920T141522_050412_061208_852C.zip,2023-09-20 14:14:55.147000+00:00,S1A_IW_SLC__1SDV_20230920T141455_20230920T141522_050412_061208_852C,,Sentinel-1A,4522291555,b9fcb09e42aae65c68c663694b833e53,447,SENTINEL_1A_FRAME,50412,VV+VH,2023-09-20T14:14:55.147Z,C-SAR,S1A_IWDV_0447_0453_050412_115,003.61,S1A_IW_SLC__1SDV_20230920T141455_20230920T141522_050412_061208_852C.zip,IW,2023-09-20,10TFN
68,"POLYGON ((-123.410591 44.082184, -122.975258 42.46365, -119.876884 42.861401, -120.225403 44.479759, -123.410591 44.082184))",43.4827,-121.6264,2023-09-10T02:01:54.885Z,S1A_IW_SLC__1SDV_20230910T020127_20230910T020154_050259_060CC8_B610-SLC,ASCENDING,137,SLC,https://datapool.asf.alaska.edu/SLC/SA/S1A_IW_SLC__1SDV_20230910T020127_20230910T020154_050259_060CC8_B610.zip,2023-09-10 02:01:27.906000+00:00,S1A_IW_SLC__1SDV_20230910T020127_20230910T020154_050259_060CC8_B610,,Sentinel-1A,4554738198,ef95e386a22bb3c6873c8528977f5eb3,138,SENTINEL_1A_FRAME,50259,VV+VH,2023-09-10T02:01:27.906Z,C-SAR,S1A_IWDV_0137_0144_050259_137,003.61,S1A_IW_SLC__1SDV_20230910T020127_20230910T020154_050259_060CC8_B610.zip,IW,2023-09-10,10TFN
69,"POLYGON ((-123.005295 42.593403, -122.567192 40.916641, -119.547173 41.314625, -119.902023 42.990803, -123.005295 42.593403))",41.9642,-121.2593,2023-09-10T02:01:30.058Z,S1A_IW_SLC__1SDV_20230910T020102_20230910T020130_050259_060CC8_AC96-SLC,ASCENDING,137,SLC,https://datapool.asf.alaska.edu/SLC/SA/S1A_IW_SLC__1SDV_20230910T020102_20230910T020130_050259_060CC8_AC96.zip,2023-09-10 02:01:02.127000+00:00,S1A_IW_SLC__1SDV_20230910T020102_20230910T020130_050259_060CC8_AC96,,Sentinel-1A,4685089901,dc3225692980fbdcbf9486a330658a65,133,SENTINEL_1A_FRAME,50259,VV+VH,2023-09-10T02:01:02.127Z,C-SAR,S1A_IWDV_0132_0139_050259_137,003.61,S1A_IW_SLC__1SDV_20230910T020102_20230910T020130_050259_060CC8_AC96.zip,IW,2023-09-10,10TFN
70,"POLYGON ((-120.884995 40.918293, -120.461983 42.537075, -123.523354 42.930256, -123.867111 41.311985, -120.884995 40.918293))",41.9345,-122.1804,2023-09-08T14:15:46.690Z,S1A_IW_SLC__1SDV_20230908T141519_20230908T141546_050237_060C11_F70D-SLC,DESCENDING,115,SLC,https://datapool.asf.alaska.edu/SLC/SA/S1A_IW_SLC__1SDV_20230908T141519_20230908T141546_050237_060C11_F70D.zip,2023-09-08 14:15:19.723000+00:00,S1A_IW_SLC__1SDV_20230908T141519_20230908T141546_050237_060C11_F70D,,Sentinel-1A,4568231222,f6a579710c021b00fe94998bd2d0099a,452,SENTINEL_1A_FRAME,50237,VV+VH,2023-09-08T14:15:19.723Z,C-SAR,S1A_IWDV_0452_0458_050237_115,003.61,S1A_IW_SLC__1SDV_20230908T141519_20230908T141546_050237_060C11_F70D.zip,IW,2023-09-08,10TFN
71,"POLYGON ((-120.486481 42.40731, -120.051437 44.024899, -123.195778 44.418697, -123.545326 42.801247, -120.486481 42.40731))",43.4237,-121.8155,2023-09-08T14:15:21.863Z,S1A_IW_SLC__1SDV_20230908T141454_20230908T141521_050237_060C11_A263-SLC,DESCENDING,115,SLC,https://datapool.asf.alaska.edu/SLC/SA/S1A_IW_SLC__1SDV_20230908T141454_20230908T141521_050237_060C11_A263.zip,2023-09-08 14:14:54.898000+00:00,S1A_IW_SLC__1SDV_20230908T141454_20230908T141521_050237_060C11_A263,,Sentinel-1A,4534630601,a4bc3f294d6b878ce752a1ad7bdfdc79,447,SENTINEL_1A_FRAME,50237,VV+VH,2023-09-08T14:14:54.898Z,C-SAR,S1A_IWDV_0447_0453_050237_115,003.61,S1A_IW_SLC__1SDV_20230908T141454_20230908T141521_050237_060C11_A263.zip,IW,2023-09-08,10TFN
76,"POLYGON ((-123.410255 44.082264, -122.975082 42.464233, -119.87645 42.861996, -120.224831 44.479847, -123.410255 44.082264))",43.483,-121.626,2023-08-29T02:01:54.292Z,S1A_IW_SLC__1SDV_20230829T020127_20230829T020154_050084_0606D7_C1E8-SLC,ASCENDING,137,SLC,https://datapool.asf.alaska.edu/SLC/SA/S1A_IW_SLC__1SDV_20230829T020127_20230829T020154_050084_0606D7_C1E8.zip,2023-08-29 02:01:27.321000+00:00,S1A_IW_SLC__1SDV_20230829T020127_20230829T020154_050084_0606D7_C1E8,,Sentinel-1A,4569749377,14eb2604e8f9630804107e752cd1f2f3,138,SENTINEL_1A_FRAME,50084,VV+VH,2023-08-29T02:01:27.321Z,C-SAR,S1A_IWDV_0137_0144_050084_137,003.61,S1A_IW_SLC__1SDV_20230829T020127_20230829T020154_050084_0606D7_C1E8.zip,IW,2023-08-29,10TFN
77,"POLYGON ((-123.005112 42.593857, -122.567001 40.916985, -119.54673 41.31498, -119.901573 42.991268, -123.005112 42.593857))",41.9646,-121.259,2023-08-29T02:01:29.471Z,S1A_IW_SLC__1SDV_20230829T020101_20230829T020129_050084_0606D7_7554-SLC,ASCENDING,137,SLC,https://datapool.asf.alaska.edu/SLC/SA/S1A_IW_SLC__1SDV_20230829T020101_20230829T020129_050084_0606D7_7554.zip,2023-08-29 02:01:01.538000+00:00,S1A_IW_SLC__1SDV_20230829T020101_20230829T020129_050084_0606D7_7554,,Sentinel-1A,4713746773,ed611f9e12a38ecade6c382fdc4f320e,133,SENTINEL_1A_FRAME,50084,VV+VH,2023-08-29T02:01:01.538Z,C-SAR,S1A_IWDV_0132_0139_050084_137,003.61,S1A_IW_SLC__1SDV_20230829T020101_20230829T020129_050084_0606D7_7554.zip,IW,2023-08-29,10TFN
78,"POLYGON ((-120.886185 40.917389, -120.463196 42.536182, -123.524414 42.929314, -123.868149 41.311039, -120.886185 40.917389))",41.9335,-122.1816,2023-08-27T14:15:46.190Z,S1A_IW_SLC__1SDV_20230827T141519_20230827T141546_050062_06061F_0BB2-SLC,DESCENDING,115,SLC,https://datapool.asf.alaska.edu/SLC/SA/S1A_IW_SLC__1SDV_20230827T141519_20230827T141546_050062_06061F_0BB2.zip,2023-08-27 14:15:19.224000+00:00,S1A_IW_SLC__1SDV_20230827T141519_20230827T141546_050062_06061F_0BB2,,Sentinel-1A,4596655988,0c16695aada462b162dc009d63c74456,452,SENTINEL_1A_FRAME,50062,VV+VH,2023-08-27T14:15:19.224Z,C-SAR,S1A_IWDV_0452_0458_050062_115,003.61,S1A_IW_SLC__1SDV_20230827T141519_20230827T141546_050062_06061F_0BB2.zip,IW,2023-08-27,10TFN
79,"POLYGON ((-120.487709 42.406548, -120.052788 44.023773, -123.196938 44.417522, -123.546379 42.800434, -120.487709 42.406548))",43.4227,-121.8167,2023-08-27T14:15:21.361Z,S1A_IW_SLC__1SDV_20230827T141454_20230827T141521_050062_06061F_BBCF-SLC,DESCENDING,115,SLC,https://datapool.asf.alaska.edu/SLC/SA/S1A_IW_SLC__1SDV_20230827T141454_20230827T141521_050062_06061F_BBCF.zip,2023-08-27 14:14:54.403000+00:00,S1A_IW_SLC__1SDV_20230827T141454_20230827T141521_050062_06061F_BBCF,,Sentinel-1A,4582236082,aa74f2d9b9529c687810be1ac1190cde,447,SENTINEL_1A_FRAME,50062,VV+VH,2023-08-27T14:14:54.403Z,C-SAR,S1A_IWDV_0447_0453_050062_115,003.61,S1A_IW_SLC__1SDV_20230827T141454_20230827T141521_050062_06061F_BBCF.zip,IW,2023-08-27,10TFN
84,"POLYGON ((-123.408203 44.083397, -122.973045 42.465229, -119.874474 42.862911, -120.222832 44.480896, -123.408203 44.083397))",43.484,-121.624,2023-08-17T02:01:53.529Z,S1A_IW_SLC__1SDV_20230817T020126_20230817T020153_049909_0600D7_69FA-SLC,ASCENDING,137,SLC,https://datapool.asf.alaska.edu/SLC/SA/S1A_IW_SLC__1SDV_20230817T020126_20230817T020153_049909_0600D7_69FA.zip,2023-08-17 02:01:26.556000+00:00,S1A_IW_SLC__1SDV_20230817T020126_20230817T020153_049909_0600D7_69FA,,Sentinel-1A,4590272938,8c8cc0bf40fa296878734c7f2f9e218a,138,SENTINEL_1A_FRAME,49909,VV+VH,2023-08-17T02:01:26.556Z,C-SAR,S1A_IWDV_0137_0144_049909_137,003.61,S1A_IW_SLC__1SDV_20230817T020126_20230817T020153_049909_0600D7_69FA.zip,IW,2023-08-17,10TFN
85,"POLYGON ((-123.003181 42.594963, -122.565147 40.918201, -119.544861 41.316128, -119.899635 42.992306, -123.003181 42.594963))",41.9657,-121.2571,2023-08-17T02:01:28.708Z,S1A_IW_SLC__1SDV_20230817T020100_20230817T020128_049909_0600D7_A357-SLC,ASCENDING,137,SLC,https://datapool.asf.alaska.edu/SLC/SA/S1A_IW_SLC__1SDV_20230817T020100_20230817T020128_049909_0600D7_A357.zip,2023-08-17 02:01:00.777000+00:00,S1A_IW_SLC__1SDV_20230817T020100_20230817T020128_049909_0600D7_A357,,Sentinel-1A,4717451810,db57ccd45d4d4cdbe4eb7d070dd534ea,133,SENTINEL_1A_FRAME,49909,VV+VH,2023-08-17T02:01:00.777Z,C-SAR,S1A_IWDV_0133_0138_049909_137,003.61,S1A_IW_SLC__1SDV_20230817T020100_20230817T020128_049909_0600D7_A357.zip,IW,2023-08-17,10TFN
86,"POLYGON ((-120.885002 40.917408, -120.462067 42.536079, -123.523346 42.929192, -123.867027 41.311039, -120.885002 40.917408))",41.9335,-122.1804,2023-08-15T14:15:45.319Z,S1A_IW_SLC__1SDV_20230815T141518_20230815T141545_049887_060020_AF5A-SLC,DESCENDING,115,SLC,https://datapool.asf.alaska.edu/SLC/SA/S1A_IW_SLC__1SDV_20230815T141518_20230815T141545_049887_060020_AF5A.zip,2023-08-15 14:15:18.354000+00:00,S1A_IW_SLC__1SDV_20230815T141518_20230815T141545_049887_060020_AF5A,,Sentinel-1A,4645768082,457a4ecef1aa02c0efaa0121219ac18c,452,SENTINEL_1A_FRAME,49887,VV+VH,2023-08-15T14:15:18.354Z,C-SAR,S1A_IWDV_0452_0458_049887_115,003.61,S1A_IW_SLC__1SDV_20230815T141518_20230815T141545_049887_060020_AF5A.zip,IW,2023-08-15,10TFN
87,"POLYGON ((-120.48658 42.406445, -120.05162 44.023918, -123.195847 44.417645, -123.545311 42.800308, -120.48658 42.406445))",43.4227,-121.8156,2023-08-15T14:15:20.492Z,S1A_IW_SLC__1SDV_20230815T141453_20230815T141520_049887_060020_298C-SLC,DESCENDING,115,SLC,https://datapool.asf.alaska.edu/SLC/SA/S1A_IW_SLC__1SDV_20230815T141453_20230815T141520_049887_060020_298C.zip,2023-08-15 14:14:53.529000+00:00,S1A_IW_SLC__1SDV_20230815T141453_20230815T141520_049887_060020_298C,,Sentinel-1A,4609601084,50c9d359d5955de4daa678c406c61537,447,SENTINEL_1A_FRAME,49887,VV+VH,2023-08-15T14:14:53.529Z,C-SAR,S1A_IWDV_0447_0453_049887_115,003.61,S1A_IW_SLC__1SDV_20230815T141453_20230815T141520_049887_060020_298C.zip,IW,2023-08-15,10TFN
92,"POLYGON ((-123.411247 44.083157, -122.975983 42.464748, -119.877388 42.86248, -120.225838 44.480705, -123.411247 44.083157))",43.4837,-121.627,2023-08-05T02:01:53.318Z,S1A_IW_SLC__1SDV_20230805T020126_20230805T020153_049734_05FAFD_F4F5-SLC,ASCENDING,137,SLC,https://datapool.asf.alaska.edu/SLC/SA/S1A_IW_SLC__1SDV_20230805T020126_20230805T020153_049734_05FAFD_F4F5.zip,2023-08-05 02:01:26.341000+00:00,S1A_IW_SLC__1SDV_20230805T020126_20230805T020153_049734_05FAFD_F4F5,,Sentinel-1A,4611170142,6f1c05e0afa21b774c5bab7d5c5aa16f,138,SENTINEL_1A_FRAME,49734,VV+VH,2023-08-05T02:01:26.341Z,C-SAR,S1A_IWDV_0137_0144_049734_137,003.61,S1A_IW_SLC__1SDV_20230805T020126_20230805T020153_049734_05FAFD_F4F5.zip,IW,2023-08-05,10TFN
93,"POLYGON ((-123.006111 42.594612, -122.568047 40.917862, -119.547745 41.315834, -119.90255 42.992004, -123.006111 42.594612))",41.9654,-121.26,2023-08-05T02:01:28.495Z,S1A_IW_SLC__1SDV_20230805T020100_20230805T020128_049734_05FAFD_F6FE-SLC,ASCENDING,137,SLC,https://datapool.asf.alaska.edu/SLC/SA/S1A_IW_SLC__1SDV_20230805T020100_20230805T020128_049734_05FAFD_F6FE.zip,2023-08-05 02:01:00.564000+00:00,S1A_IW_SLC__1SDV_20230805T020100_20230805T020128_049734_05FAFD_F6FE,,Sentinel-1A,4764402470,ae32a424d07d1c278bc396dd6eaee384,133,SENTINEL_1A_FRAME,49734,VV+VH,2023-08-05T02:01:00.564Z,C-SAR,S1A_IWDV_0132_0139_049734_137,003.61,S1A_IW_SLC__1SDV_20230805T020100_20230805T020128_049734_05FAFD_F6FE.zip,IW,2023-08-05,10TFN
98,"POLYGON ((-123.410736 44.083099, -122.975525 42.464939, -119.87693 42.862686, -120.225342 44.480663, -123.410736 44.083099))",43.4838,-121.6265,2023-07-24T02:01:52.346Z,S1A_IW_SLC__1SDV_20230724T020125_20230724T020152_049559_05F594_1DBC-SLC,ASCENDING,137,SLC,https://datapool.asf.alaska.edu/SLC/SA/S1A_IW_SLC__1SDV_20230724T020125_20230724T020152_049559_05F594_1DBC.zip,2023-07-24 02:01:25.373000+00:00,S1A_IW_SLC__1SDV_20230724T020125_20230724T020152_049559_05F594_1DBC,,Sentinel-1A,4598625501,09a8f80eba6ecac59bb8df7584fd2c25,138,SENTINEL_1A_FRAME,49559,VV+VH,2023-07-24T02:01:25.373Z,C-SAR,S1A_IWDV_0137_0144_049559_137,003.61,S1A_IW_SLC__1SDV_20230724T020125_20230724T020152_049559_05F594_1DBC.zip,IW,2023-07-24,10TFN
99,"POLYGON ((-123.0056 42.594555, -122.567513 40.917805, -119.547218 41.315788, -119.902046 42.991959, -123.0056 42.594555))",41.9654,-121.2595,2023-07-24T02:01:27.524Z,S1A_IW_SLC__1SDV_20230724T020059_20230724T020127_049559_05F594_25E0-SLC,ASCENDING,137,SLC,https://datapool.asf.alaska.edu/SLC/SA/S1A_IW_SLC__1SDV_20230724T020059_20230724T020127_049559_05F594_25E0.zip,2023-07-24 02:00:59.593000+00:00,S1A_IW_SLC__1SDV_20230724T020059_20230724T020127_049559_05F594_25E0,,Sentinel-1A,4743124128,78be1f805903d23633c5fde3f1c51ea4,133,SENTINEL_1A_FRAME,49559,VV+VH,2023-07-24T02:00:59.593Z,C-SAR,S1A_IWDV_0132_0139_049559_137,003.61,S1A_IW_SLC__1SDV_20230724T020059_20230724T020127_049559_05F594_25E0.zip,IW,2023-07-24,10TFN
100,"POLYGON ((-120.886375 40.917809, -120.463455 42.53648, -123.524742 42.929577, -123.868408 41.311424, -120.886375 40.917809))",41.9339,-122.1818,2023-07-22T14:15:44.141Z,S1A_IW_SLC__1SDV_20230722T141517_20230722T141544_049537_05F4E5_4085-SLC,DESCENDING,115,SLC,https://datapool.asf.alaska.edu/SLC/SA/S1A_IW_SLC__1SDV_20230722T141517_20230722T141544_049537_05F4E5_4085.zip,2023-07-22 14:15:17.176000+00:00,S1A_IW_SLC__1SDV_20230722T141517_20230722T141544_049537_05F4E5_4085,,Sentinel-1A,4633258950,cec712db65bc995036ec1c23bd525aa2,452,SENTINEL_1A_FRAME,49537,VV+VH,2023-07-22T14:15:17.176Z,C-SAR,S1A_IWDV_0452_0458_049537_115,003.61,S1A_IW_SLC__1SDV_20230722T141517_20230722T141544_049537_05F4E5_4085.zip,IW,2023-07-22,10TFN
101,"POLYGON ((-120.487953 42.406845, -120.05304 44.024197, -123.197281 44.417908, -123.5467 42.800694, -120.487953 42.406845))",43.4231,-121.817,2023-07-22T14:15:19.314Z,S1A_IW_SLC__1SDV_20230722T141452_20230722T141519_049537_05F4E5_A634-SLC,DESCENDING,115,SLC,https://datapool.asf.alaska.edu/SLC/SA/S1A_IW_SLC__1SDV_20230722T141452_20230722T141519_049537_05F4E5_A634.zip,2023-07-22 14:14:52.353000+00:00,S1A_IW_SLC__1SDV_20230722T141452_20230722T141519_049537_05F4E5_A634,,Sentinel-1A,4595037093,9f937a311fe52faa8a17602331409b83,447,SENTINEL_1A_FRAME,49537,VV+VH,2023-07-22T14:14:52.353Z,C-SAR,S1A_IWDV_0447_0453_049537_115,003.61,S1A_IW_SLC__1SDV_20230722T141452_20230722T141519_049537_05F4E5_A634.zip,IW,2023-07-22,10TFN
104,"POLYGON ((-123.410828 44.083473, -122.975571 42.465191, -119.877022 42.862942, -120.225479 44.481049, -123.410828 44.083473))",43.4841,-121.6266,2023-07-12T02:01:51.592Z,S1A_IW_SLC__1SDV_20230712T020124_20230712T020151_049384_05F041_9E07-SLC,ASCENDING,137,SLC,https://datapool.asf.alaska.edu/SLC/SA/S1A_IW_SLC__1SDV_20230712T020124_20230712T020151_049384_05F041_9E07.zip,2023-07-12 02:01:24.617000+00:00,S1A_IW_SLC__1SDV_20230712T020124_20230712T020151_049384_05F041_9E07,,Sentinel-1A,4589260455,dac96259e037336e0b066dde2424cdeb,138,SENTINEL_1A_FRAME,49384,VV+VH,2023-07-12T02:01:24.617Z,C-SAR,S1A_IWDV_0137_0144_049384_137,003.61,S1A_IW_SLC__1SDV_20230712T020124_20230712T020151_049384_05F041_9E07.zip,IW,2023-07-12,10TFN
105,"POLYGON ((-123.005653 42.594807, -122.567497 40.917805, -119.547256 41.3158, -119.902145 42.992218, -123.005653 42.594807))",41.9655,-121.2596,2023-07-12T02:01:26.767Z,S1A_IW_SLC__1SDV_20230712T020058_20230712T020126_049384_05F041_3318-SLC,ASCENDING,137,SLC,https://datapool.asf.alaska.edu/SLC/SA/S1A_IW_SLC__1SDV_20230712T020058_20230712T020126_049384_05F041_3318.zip,2023-07-12 02:00:58.832000+00:00,S1A_IW_SLC__1SDV_20230712T020058_20230712T020126_049384_05F041_3318,,Sentinel-1A,4732779968,227fc8f5e796404ba4fcfe3881d60817,133,SENTINEL_1A_FRAME,49384,VV+VH,2023-07-12T02:00:58.832Z,C-SAR,S1A_IWDV_0132_0139_049384_137,003.61,S1A_IW_SLC__1SDV_20230712T020058_20230712T020126_049384_05F041_3318.zip,IW,2023-07-12,10TFN
106,"POLYGON ((-120.886284 40.917301, -120.463364 42.535847, -123.524559 42.928982, -123.86824 41.310951, -120.886284 40.917301))",41.9333,-122.1817,2023-07-10T14:15:43.490Z,S1A_IW_SLC__1SDV_20230710T141516_20230710T141543_049362_05EF93_FDBD-SLC,DESCENDING,115,SLC,https://datapool.asf.alaska.edu/SLC/SA/S1A_IW_SLC__1SDV_20230710T141516_20230710T141543_049362_05EF93_FDBD.zip,2023-07-10 14:15:16.527000+00:00,S1A_IW_SLC__1SDV_20230710T141516_20230710T141543_049362_05EF93_FDBD,,Sentinel-1A,4618151345,e72fec61151bebf33832cf3b7bb7f737,452,SENTINEL_1A_FRAME,49362,VV+VH,2023-07-10T14:15:16.527Z,C-SAR,S1A_IWDV_0452_0458_049362_115,003.61,S1A_IW_SLC__1SDV_20230710T141516_20230710T141543_049362_05EF93_FDBD.zip,IW,2023-07-10,10TFN
107,"POLYGON ((-120.487846 42.406338, -120.052864 44.023811, -123.197014 44.417561, -123.546501 42.800224, -120.487846 42.406338))",43.4226,-121.8169,2023-07-10T14:15:18.663Z,S1A_IW_SLC__1SDV_20230710T141451_20230710T141518_049362_05EF93_F9F1-SLC,DESCENDING,115,SLC,https://datapool.asf.alaska.edu/SLC/SA/S1A_IW_SLC__1SDV_20230710T141451_20230710T141518_049362_05EF93_F9F1.zip,2023-07-10 14:14:51.700000+00:00,S1A_IW_SLC__1SDV_20230710T141451_20230710T141518_049362_05EF93_F9F1,,Sentinel-1A,4586569580,7ff2a43eecba4edccc484f7fc4748b81,447,SENTINEL_1A_FRAME,49362,VV+VH,2023-07-10T14:14:51.700Z,C-SAR,S1A_IWDV_0447_0453_049362_115,003.61,S1A_IW_SLC__1SDV_20230710T141451_20230710T141518_049362_05EF93_F9F1.zip,IW,2023-07-10,10TFN
112,"POLYGON ((-123.408035 44.082626, -122.972824 42.464336, -119.87429 42.862053, -120.222702 44.480164, -123.408035 44.082626))",43.4832,-121.6238,2023-06-30T02:01:50.327Z,S1A_IW_SLC__1SDV_20230630T020123_20230630T020150_049209_05EACF_9D16-SLC,ASCENDING,137,SLC,https://datapool.asf.alaska.edu/SLC/SA/S1A_IW_SLC__1SDV_20230630T020123_20230630T020150_049209_05EACF_9D16.zip,2023-06-30 02:01:23.352000+00:00,S1A_IW_SLC__1SDV_20230630T020123_20230630T020150_049209_05EACF_9D16,,Sentinel-1A,4604004586,c9434910d8ed40a032cd7105a2401bfa,138,SENTINEL_1A_FRAME,49209,VV+VH,2023-06-30T02:01:23.352Z,C-SAR,S1A_IWDV_0137_0144_049209_137,003.61,S1A_IW_SLC__1SDV_20230630T020123_20230630T020150_049209_05EACF_9D16.zip,IW,2023-06-30,10TFN
113,"POLYGON ((-123.002899 42.593956, -122.564812 40.917072, -119.544624 41.315025, -119.899445 42.991325, -123.002899 42.593956))",41.9647,-121.2569,2023-06-30T02:01:25.502Z,S1A_IW_SLC__1SDV_20230630T020057_20230630T020125_049209_05EACF_E0DE-SLC,ASCENDING,137,SLC,https://datapool.asf.alaska.edu/SLC/SA/S1A_IW_SLC__1SDV_20230630T020057_20230630T020125_049209_05EACF_E0DE.zip,2023-06-30 02:00:57.569000+00:00,S1A_IW_SLC__1SDV_20230630T020057_20230630T020125_049209_05EACF_E0DE,,Sentinel-1A,4740248996,e1742a2c67ad9a9d18a65216357c1049,133,SENTINEL_1A_FRAME,49209,VV+VH,2023-06-30T02:00:57.569Z,C-SAR,S1A_IWDV_0132_0139_049209_137,003.61,S1A_IW_SLC__1SDV_20230630T020057_20230630T020125_049209_05EACF_E0DE.zip,IW,2023-06-30,10TFN
114,"POLYGON ((-120.883797 40.917831, -120.460861 42.536507, -123.522057 42.929607, -123.865738 41.311447, -120.883797 40.917831))",41.9339,-122.1792,2023-06-28T14:15:41.987Z,S1A_IW_SLC__1SDV_20230628T141515_20230628T141541_049187_05EA29_7C3D-SLC,DESCENDING,115,SLC,https://datapool.asf.alaska.edu/SLC/SA/S1A_IW_SLC__1SDV_20230628T141515_20230628T141541_049187_05EA29_7C3D.zip,2023-06-28 14:15:15.022000+00:00,S1A_IW_SLC__1SDV_20230628T141515_20230628T141541_049187_05EA29_7C3D,,Sentinel-1A,4628970175,ea8fda443d5dac3c9e22f00d5e274a8b,452,SENTINEL_1A_FRAME,49187,VV+VH,2023-06-28T14:15:15.022Z,C-SAR,S1A_IWDV_0452_0458_049187_115,003.61,S1A_IW_SLC__1SDV_20230628T141515_20230628T141541_049187_05EA29_7C3D.zip,IW,2023-06-28,10TFN
115,"POLYGON ((-120.485359 42.406872, -120.050446 44.024227, -123.19458 44.417938, -123.544022 42.800724, -120.485359 42.406872))",43.4231,-121.8144,2023-06-28T14:15:17.160Z,S1A_IW_SLC__1SDV_20230628T141450_20230628T141517_049187_05EA29_5B29-SLC,DESCENDING,115,SLC,https://datapool.asf.alaska.edu/SLC/SA/S1A_IW_SLC__1SDV_20230628T141450_20230628T141517_049187_05EA29_5B29.zip,2023-06-28 14:14:50.199000+00:00,S1A_IW_SLC__1SDV_20230628T141450_20230628T141517_049187_05EA29_5B29,,Sentinel-1A,4617255319,0b86e3b1ab1fe0c558fe6c5794fd0be1,447,SENTINEL_1A_FRAME,49187,VV+VH,2023-06-28T14:14:50.199Z,C-SAR,S1A_IWDV_0447_0453_049187_115,003.61,S1A_IW_SLC__1SDV_20230628T141450_20230628T141517_049187_05EA29_5B29.zip,IW,2023-06-28,10TFN
118,"POLYGON ((-123.409203 44.082951, -122.974014 42.464664, -119.875374 42.862366, -120.223755 44.480473, -123.409203 44.082951))",43.4835,-121.625,2023-06-18T02:01:50.079Z,S1A_IW_SLC__1SDV_20230618T020123_20230618T020150_049034_05E584_A489-SLC,ASCENDING,137,SLC,https://datapool.asf.alaska.edu/SLC/SA/S1A_IW_SLC__1SDV_20230618T020123_20230618T020150_049034_05E584_A489.zip,2023-06-18 02:01:23.103000+00:00,S1A_IW_SLC__1SDV_20230618T020123_20230618T020150_049034_05E584_A489,,Sentinel-1A,4579693837,c1f8a97c81e433345baa0c937e0779ae,138,SENTINEL_1A_FRAME,49034,VV+VH,2023-06-18T02:01:23.103Z,C-SAR,S1A_IWDV_0137_0144_049034_137,003.61,S1A_IW_SLC__1SDV_20230618T020123_20230618T020150_049034_05E584_A489.zip,IW,2023-06-18,10TFN
119,"POLYGON ((-123.004074 42.594284, -122.566048 40.917526, -119.545746 41.315464, -119.900513 42.991638, -123.004074 42.594284))",41.9651,-121.258,2023-06-18T02:01:25.254Z,S1A_IW_SLC__1SDV_20230618T020057_20230618T020125_049034_05E584_B28D-SLC,ASCENDING,137,SLC,https://datapool.asf.alaska.edu/SLC/SA/S1A_IW_SLC__1SDV_20230618T020057_20230618T020125_049034_05E584_B28D.zip,2023-06-18 02:00:57.323000+00:00,S1A_IW_SLC__1SDV_20230618T020057_20230618T020125_049034_05E584_B28D,,Sentinel-1A,4732871725,5074b59f7bb2382d44bbb1de4bcbb8c0,133,SENTINEL_1A_FRAME,49034,VV+VH,2023-06-18T02:00:57.323Z,C-SAR,S1A_IWDV_0132_0139_049034_137,003.61,S1A_IW_SLC__1SDV_20230618T020057_20230618T020125_049034_05E584_B28D.zip,IW,2023-06-18,10TFN
120,"POLYGON ((-120.88681 40.917755, -120.463951 42.536308, -123.525208 42.929375, -123.86882 41.31134, -120.88681 40.917755))",41.9338,-122.1823,2023-06-16T14:15:41.940Z,S1A_IW_SLC__1SDV_20230616T141514_20230616T141541_049012_05E4D6_2AF1-SLC,DESCENDING,115,SLC,https://datapool.asf.alaska.edu/SLC/SA/S1A_IW_SLC__1SDV_20230616T141514_20230616T141541_049012_05E4D6_2AF1.zip,2023-06-16 14:15:14.977000+00:00,S1A_IW_SLC__1SDV_20230616T141514_20230616T141541_049012_05E4D6_2AF1,,Sentinel-1A,4626847364,da379be50354b2884e81ca23c245a7ee,452,SENTINEL_1A_FRAME,49012,VV+VH,2023-06-16T14:15:14.977Z,C-SAR,S1A_IWDV_0452_0458_049012_115,003.61,S1A_IW_SLC__1SDV_20230616T141514_20230616T141541_049012_05E4D6_2AF1.zip,IW,2023-06-16,10TFN
121,"POLYGON ((-120.488457 42.406673, -120.053581 44.024029, -123.197777 44.417709, -123.547173 42.800491, -120.488457 42.406673))",43.4229,-121.8175,2023-06-16T14:15:17.115Z,S1A_IW_SLC__1SDV_20230616T141450_20230616T141517_049012_05E4D6_090B-SLC,DESCENDING,115,SLC,https://datapool.asf.alaska.edu/SLC/SA/S1A_IW_SLC__1SDV_20230616T141450_20230616T141517_049012_05E4D6_090B.zip,2023-06-16 14:14:50.154000+00:00,S1A_IW_SLC__1SDV_20230616T141450_20230616T141517_049012_05E4D6_090B,,Sentinel-1A,4605501057,8a50a8bfb4fa5caf927a08f45a4810c6,447,SENTINEL_1A_FRAME,49012,VV+VH,2023-06-16T14:14:50.154Z,C-SAR,S1A_IWDV_0447_0453_049012_115,003.61,S1A_IW_SLC__1SDV_20230616T141450_20230616T141517_049012_05E4D6_090B.zip,IW,2023-06-16,10TFN
126,"POLYGON ((-123.407875 44.082638, -122.972672 42.464344, -119.874222 42.862038, -120.222618 44.480148, -123.407875 44.082638))",43.4832,-121.6237,2023-06-06T02:01:49.122Z,S1A_IW_SLC__1SDV_20230606T020122_20230606T020149_048859_05E02E_F98A-SLC,ASCENDING,137,SLC,https://datapool.asf.alaska.edu/SLC/SA/S1A_IW_SLC__1SDV_20230606T020122_20230606T020149_048859_05E02E_F98A.zip,2023-06-06 02:01:22.147000+00:00,S1A_IW_SLC__1SDV_20230606T020122_20230606T020149_048859_05E02E_F98A,,Sentinel-1A,4628908080,d44fe3c685b0763f1632ec24fe21129b,138,SENTINEL_1A_FRAME,48859,VV+VH,2023-06-06T02:01:22.147Z,C-SAR,S1A_IWDV_0137_0144_048859_137,003.61,S1A_IW_SLC__1SDV_20230606T020122_20230606T020149_048859_05E02E_F98A.zip,IW,2023-06-06,10TFN
127,"POLYGON ((-123.002747 42.593964, -122.564705 40.917198, -119.544594 41.315128, -119.899376 42.991306, -123.002747 42.593964))",41.9647,-121.2568,2023-06-06T02:01:24.297Z,S1A_IW_SLC__1SDV_20230606T020056_20230606T020124_048859_05E02E_C551-SLC,ASCENDING,137,SLC,https://datapool.asf.alaska.edu/SLC/SA/S1A_IW_SLC__1SDV_20230606T020056_20230606T020124_048859_05E02E_C551.zip,2023-06-06 02:00:56.366000+00:00,S1A_IW_SLC__1SDV_20230606T020056_20230606T020124_048859_05E02E_C551,,Sentinel-1A,4744112104,9170ca1b538d3db6938600e75ac69a34,133,SENTINEL_1A_FRAME,48859,VV+VH,2023-06-06T02:00:56.366Z,C-SAR,S1A_IWDV_0132_0139_048859_137,003.61,S1A_IW_SLC__1SDV_20230606T020056_20230606T020124_048859_05E02E_C551.zip,IW,2023-06-06,10TFN
128,"POLYGON ((-120.88607 40.918644, -120.463242 42.537071, -123.524544 42.930141, -123.868134 41.312229, -120.88607 40.918644))",41.9346,-122.1816,2023-06-04T14:15:41.116Z,S1A_IW_SLC__1SDV_20230604T141514_20230604T141541_048837_05DF81_5758-SLC,DESCENDING,115,SLC,https://datapool.asf.alaska.edu/SLC/SA/S1A_IW_SLC__1SDV_20230604T141514_20230604T141541_048837_05DF81_5758.zip,2023-06-04 14:15:14.155000+00:00,S1A_IW_SLC__1SDV_20230604T141514_20230604T141541_048837_05DF81_5758,,Sentinel-1A,4629981498,afdb771a3f322693371d8024f6433e74,452,SENTINEL_1A_FRAME,48837,VV+VH,2023-06-04T14:15:14.155Z,C-SAR,S1A_IWDV_0452_0458_048837_115,003.61,S1A_IW_SLC__1SDV_20230604T141514_20230604T141541_048837_05DF81_5758.zip,IW,2023-06-04,10TFN
129,"POLYGON ((-120.487724 42.407436, -120.052872 44.024666, -123.197128 44.41835, -123.546494 42.801258, -120.487724 42.407436))",43.4236,-121.8168,2023-06-04T14:15:16.293Z,S1A_IW_SLC__1SDV_20230604T141449_20230604T141516_048837_05DF81_6F93-SLC,DESCENDING,115,SLC,https://datapool.asf.alaska.edu/SLC/SA/S1A_IW_SLC__1SDV_20230604T141449_20230604T141516_048837_05DF81_6F93.zip,2023-06-04 14:14:49.334000+00:00,S1A_IW_SLC__1SDV_20230604T141449_20230604T141516_048837_05DF81_6F93,,Sentinel-1A,4608680570,49dccfaeaacc1e75f090eeb6e156e9ac,447,SENTINEL_1A_FRAME,48837,VV+VH,2023-06-04T14:14:49.334Z,C-SAR,S1A_IWDV_0447_0453_048837_115,003.61,S1A_IW_SLC__1SDV_20230604T141449_20230604T141516_048837_05DF81_6F93.zip,IW,2023-06-04,10TFN
134,"POLYGON ((-123.40831 44.082039, -122.97319 42.464123, -119.874649 42.861855, -120.222992 44.479591, -123.40831 44.082039))",43.4828,-121.6242,2023-05-25T02:01:48.508Z,S1A_IW_SLC__1SDV_20230525T020121_20230525T020148_048684_05DAF3_7751-SLC,ASCENDING,137,SLC,https://datapool.asf.alaska.edu/SLC/SA/S1A_IW_SLC__1SDV_20230525T020121_20230525T020148_048684_05DAF3_7751.zip,2023-05-25 02:01:21.540000+00:00,S1A_IW_SLC__1SDV_20230525T020121_20230525T020148_048684_05DAF3_7751,,Sentinel-1A,4586024366,15e88f133e904727ed34c91164fbe036,138,SENTINEL_1A_FRAME,48684,VV+VH,2023-05-25T02:01:21.540Z,C-SAR,S1A_IWDV_0137_0144_048684_137,003.61,S1A_IW_SLC__1SDV_20230525T020121_20230525T020148_048684_05DAF3_7751.zip,IW,2023-05-25,10TFN
135,"POLYGON ((-123.003258 42.593739, -122.565193 40.916985, -119.544991 41.314953, -119.899796 42.991127, -123.003258 42.593739))",41.9645,-121.2572,2023-05-25T02:01:23.690Z,S1A_IW_SLC__1SDV_20230525T020055_20230525T020123_048684_05DAF3_0C29-SLC,ASCENDING,137,SLC,https://datapool.asf.alaska.edu/SLC/SA/S1A_IW_SLC__1SDV_20230525T020055_20230525T020123_048684_05DAF3_0C29.zip,2023-05-25 02:00:55.759000+00:00,S1A_IW_SLC__1SDV_20230525T020055_20230525T020123_048684_05DAF3_0C29,,Sentinel-1A,4708234125,df046393b81163573947fffb06dc2012,133,SENTINEL_1A_FRAME,48684,VV+VH,2023-05-25T02:00:55.759Z,C-SAR,S1A_IWDV_0132_0139_048684_137,003.61,S1A_IW_SLC__1SDV_20230525T020055_20230525T020123_048684_05DAF3_0C29.zip,IW,2023-05-25,10TFN
136,"POLYGON ((-120.885826 40.918537, -120.462875 42.537338, -123.524109 42.930408, -123.867798 41.312126, -120.885826 40.918537))",41.9347,-122.1812,2023-05-23T14:15:40.550Z,S1A_IW_SLC__1SDV_20230523T141513_20230523T141540_048662_05DA4D_875D-SLC,DESCENDING,115,SLC,https://datapool.asf.alaska.edu/SLC/SA/S1A_IW_SLC__1SDV_20230523T141513_20230523T141540_048662_05DA4D_875D.zip,2023-05-23 14:15:13.584000+00:00,S1A_IW_SLC__1SDV_20230523T141513_20230523T141540_048662_05DA4D_875D,,Sentinel-1A,4597773680,8ed29b6a58783b7c53756dea1b720ba4,452,SENTINEL_1A_FRAME,48662,VV+VH,2023-05-23T14:15:13.584Z,C-SAR,S1A_IWDV_0452_0458_048662_115,003.61,S1A_IW_SLC__1SDV_20230523T141513_20230523T141540_048662_05DA4D_875D.zip,IW,2023-05-23,10TFN
137,"POLYGON ((-120.487343 42.4077, -120.052467 44.024933, -123.196617 44.418613, -123.546013 42.801517, -120.487343 42.4077))",43.4238,-121.8164,2023-05-23T14:15:15.721Z,S1A_IW_SLC__1SDV_20230523T141448_20230523T141515_048662_05DA4D_BDA8-SLC,DESCENDING,115,SLC,https://datapool.asf.alaska.edu/SLC/SA/S1A_IW_SLC__1SDV_20230523T141448_20230523T141515_048662_05DA4D_BDA8.zip,2023-05-23 14:14:48.763000+00:00,S1A_IW_SLC__1SDV_20230523T141448_20230523T141515_048662_05DA4D_BDA8,,Sentinel-1A,4573022753,31410614720f64138b72469ce58bf78a,447,SENTINEL_1A_FRAME,48662,VV+VH,2023-05-23T14:14:48.763Z,C-SAR,S1A_IWDV_0447_0453_048662_115,003.61,S1A_IW_SLC__1SDV_20230523T141448_20230523T141515_048662_05DA4D_BDA8.zip,IW,2023-05-23,10TFN
142,"POLYGON ((-123.410698 44.08239, -122.975418 42.464108, -119.876953 42.861881, -120.225433 44.479984, -123.410698 44.08239))",43.483,-121.6265,2023-05-13T02:01:48.219Z,S1A_IW_SLC__1SDV_20230513T020121_20230513T020148_048509_05D5C5_44CD-SLC,ASCENDING,137,SLC,https://datapool.asf.alaska.edu/SLC/SA/S1A_IW_SLC__1SDV_20230513T020121_20230513T020148_048509_05D5C5_44CD.zip,2023-05-13 02:01:21.244000+00:00,S1A_IW_SLC__1SDV_20230513T020121_20230513T020148_048509_05D5C5_44CD,,Sentinel-1A,4620852980,2d9b41551eb192f0339d9bf05427352e,138,SENTINEL_1A_FRAME,48509,VV+VH,2023-05-13T02:01:21.244Z,C-SAR,S1A_IWDV_0137_0144_048509_137,003.61,S1A_IW_SLC__1SDV_20230513T020121_20230513T020148_048509_05D5C5_44CD.zip,IW,2023-05-13,10TFN
143,"POLYGON ((-123.005486 42.593853, -122.567345 40.916973, -119.547234 41.31498, -119.902115 42.991276, -123.005486 42.593853))",41.9646,-121.2595,2023-05-13T02:01:23.396Z,S1A_IW_SLC__1SDV_20230513T020055_20230513T020123_048509_05D5C5_12AB-SLC,ASCENDING,137,SLC,https://datapool.asf.alaska.edu/SLC/SA/S1A_IW_SLC__1SDV_20230513T020055_20230513T020123_048509_05D5C5_12AB.zip,2023-05-13 02:00:55.463000+00:00,S1A_IW_SLC__1SDV_20230513T020055_20230513T020123_048509_05D5C5_12AB,,Sentinel-1A,4738885172,383099a6788620c03764cc6d9f93fcc3,133,SENTINEL_1A_FRAME,48509,VV+VH,2023-05-13T02:00:55.463Z,C-SAR,S1A_IWDV_0133_0138_048509_137,003.61,S1A_IW_SLC__1SDV_20230513T020055_20230513T020123_048509_05D5C5_12AB.zip,IW,2023-05-13,10TFN
144,"POLYGON ((-120.883842 40.918308, -120.460854 42.536968, -123.522301 42.930157, -123.866035 41.312012, -120.883842 40.918308))",41.9344,-122.1793,2023-05-11T14:15:39.853Z,S1A_IW_SLC__1SDV_20230511T141512_20230511T141539_048487_05D51D_67C4-SLC,DESCENDING,115,SLC,https://datapool.asf.alaska.edu/SLC/SA/S1A_IW_SLC__1SDV_20230511T141512_20230511T141539_048487_05D51D_67C4.zip,2023-05-11 14:15:12.888000+00:00,S1A_IW_SLC__1SDV_20230511T141512_20230511T141539_048487_05D51D_67C4,,Sentinel-1A,4603377737,d2d9572061ed7a462f819ce4601f2f88,452,SENTINEL_1A_FRAME,48487,VV+VH,2023-05-11T14:15:12.888Z,C-SAR,S1A_IWDV_0452_0458_048487_115,003.61,S1A_IW_SLC__1SDV_20230511T141512_20230511T141539_048487_05D51D_67C4.zip,IW,2023-05-11,10TFN
145,"POLYGON ((-120.485329 42.40733, -120.050316 44.024788, -123.194733 44.418598, -123.54425 42.801273, -120.485329 42.40733))",43.4236,-121.8145,2023-05-11T14:15:15.026Z,S1A_IW_SLC__1SDV_20230511T141448_20230511T141515_048487_05D51D_FC98-SLC,DESCENDING,115,SLC,https://datapool.asf.alaska.edu/SLC/SA/S1A_IW_SLC__1SDV_20230511T141448_20230511T141515_048487_05D51D_FC98.zip,2023-05-11 14:14:48.063000+00:00,S1A_IW_SLC__1SDV_20230511T141448_20230511T141515_048487_05D51D_FC98,,Sentinel-1A,4635543992,06525f666743dc3ff7defb5489499b18,447,SENTINEL_1A_FRAME,48487,VV+VH,2023-05-11T14:14:48.063Z,C-SAR,S1A_IWDV_0447_0453_048487_115,003.61,S1A_IW_SLC__1SDV_20230511T141448_20230511T141515_048487_05D51D_FC98.zip,IW,2023-05-11,10TFN
150,"POLYGON ((-123.410172 44.082024, -122.974968 42.46386, -119.876518 42.861595, -120.22493 44.47958, -123.410172 44.082024))",43.4827,-121.626,2023-05-01T02:01:47.610Z,S1A_IW_SLC__1SDV_20230501T020120_20230501T020147_048334_05D022_2D9D-SLC,ASCENDING,137,SLC,https://datapool.asf.alaska.edu/SLC/SA/S1A_IW_SLC__1SDV_20230501T020120_20230501T020147_048334_05D022_2D9D.zip,2023-05-01 02:01:20.637000+00:00,S1A_IW_SLC__1SDV_20230501T020120_20230501T020147_048334_05D022_2D9D,,Sentinel-1A,4558295174,79bb5e0c9cd4981981af48f1491c76c9,138,SENTINEL_1A_FRAME,48334,VV+VH,2023-05-01T02:01:20.637Z,C-SAR,S1A_IWDV_0137_0144_048334_137,003.61,S1A_IW_SLC__1SDV_20230501T020120_20230501T020147_048334_05D022_2D9D.zip,IW,2023-05-01,10TFN
151,"POLYGON ((-123.005028 42.593609, -122.566986 40.916973, -119.546875 41.314941, -119.901672 42.990993, -123.005028 42.593609))",41.9645,-121.2591,2023-05-01T02:01:22.790Z,S1A_IW_SLC__1SDV_20230501T020054_20230501T020122_048334_05D022_7CD3-SLC,ASCENDING,137,SLC,https://datapool.asf.alaska.edu/SLC/SA/S1A_IW_SLC__1SDV_20230501T020054_20230501T020122_048334_05D022_7CD3.zip,2023-05-01 02:00:54.861000+00:00,S1A_IW_SLC__1SDV_20230501T020054_20230501T020122_048334_05D022_7CD3,,Sentinel-1A,4697765847,4a5304ea1246433beeeda8da9d0ba894,133,SENTINEL_1A_FRAME,48334,VV+VH,2023-05-01T02:00:54.861Z,C-SAR,S1A_IWDV_0132_0139_048334_137,003.61,S1A_IW_SLC__1SDV_20230501T020054_20230501T020122_048334_05D022_7CD3.zip,IW,2023-05-01,10TFN
152,"POLYGON ((-120.885368 40.918835, -120.462433 42.537376, -123.523766 42.930523, -123.867447 41.312496, -120.885368 40.918835))",41.9349,-122.1808,2023-04-29T14:15:39.467Z,S1A_IW_SLC__1SDV_20230429T141512_20230429T141539_048312_05CF70_52CF-SLC,DESCENDING,115,SLC,https://datapool.asf.alaska.edu/SLC/SA/S1A_IW_SLC__1SDV_20230429T141512_20230429T141539_048312_05CF70_52CF.zip,2023-04-29 14:15:12.504000+00:00,S1A_IW_SLC__1SDV_20230429T141512_20230429T141539_048312_05CF70_52CF,,Sentinel-1A,4602052492,db1699ac8d23350ea62cb78239d1e152,452,SENTINEL_1A_FRAME,48312,VV+VH,2023-04-29T14:15:12.504Z,C-SAR,S1A_IWDV_0452_0458_048312_115,003.61,S1A_IW_SLC__1SDV_20230429T141512_20230429T141539_048312_05CF70_52CF.zip,IW,2023-04-29,10TFN
153,"POLYGON ((-120.486885 42.407738, -120.051865 44.025326, -123.196175 44.41909, -123.5457 42.801636, -120.486885 42.407738))",43.4241,-121.816,2023-04-29T14:15:14.642Z,S1A_IW_SLC__1SDV_20230429T141447_20230429T141514_048312_05CF70_CCD6-SLC,DESCENDING,115,SLC,https://datapool.asf.alaska.edu/SLC/SA/S1A_IW_SLC__1SDV_20230429T141447_20230429T141514_048312_05CF70_CCD6.zip,2023-04-29 14:14:47.677000+00:00,S1A_IW_SLC__1SDV_20230429T141447_20230429T141514_048312_05CF70_CCD6,,Sentinel-1A,4600922143,f9971545b7c73d2902c597095b5bf272,447,SENTINEL_1A_FRAME,48312,VV+VH,2023-04-29T14:14:47.677Z,C-SAR,S1A_IWDV_0447_0453_048312_115,003.61,S1A_IW_SLC__1SDV_20230429T141447_20230429T141514_048312_05CF70_CCD6.zip,IW,2023-04-29,10TFN
158,"POLYGON ((-123.407417 44.082176, -122.972275 42.464016, -119.873688 42.861721, -120.222038 44.479702, -123.407417 44.082176))",43.4828,-121.6232,2023-04-19T02:01:46.540Z,S1A_IW_SLC__1SDV_20230419T020119_20230419T020146_048159_05CA42_AFAF-SLC,ASCENDING,137,SLC,https://datapool.asf.alaska.edu/SLC/SA/S1A_IW_SLC__1SDV_20230419T020119_20230419T020146_048159_05CA42_AFAF.zip,2023-04-19 02:01:19.567000+00:00,S1A_IW_SLC__1SDV_20230419T020119_20230419T020146_048159_05CA42_AFAF,,Sentinel-1A,4523814194,70716029cf9eb168c97d2bb1fb30c1a2,138,SENTINEL_1A_FRAME,48159,VV+VH,2023-04-19T02:01:19.567Z,C-SAR,S1A_IWDV_0137_0144_048159_137,003.61,S1A_IW_SLC__1SDV_20230419T020119_20230419T020146_048159_05CA42_AFAF.zip,IW,2023-04-19,10TFN
159,"POLYGON ((-123.00238 42.593754, -122.5644 40.917122, -119.544128 41.315067, -119.898865 42.991116, -123.00238 42.593754))",41.9646,-121.2564,2023-04-19T02:01:21.719Z,S1A_IW_SLC__1SDV_20230419T020053_20230419T020121_048159_05CA42_9DF4-SLC,ASCENDING,137,SLC,https://datapool.asf.alaska.edu/SLC/SA/S1A_IW_SLC__1SDV_20230419T020053_20230419T020121_048159_05CA42_9DF4.zip,2023-04-19 02:00:53.791000+00:00,S1A_IW_SLC__1SDV_20230419T020053_20230419T020121_048159_05CA42_9DF4,,Sentinel-1A,4660298750,1576c2a7428e18cc6c4d3ecc319d5c53,133,SENTINEL_1A_FRAME,48159,VV+VH,2023-04-19T02:00:53.791Z,C-SAR,S1A_IWDV_0132_0139_048159_137,003.61,S1A_IW_SLC__1SDV_20230419T020053_20230419T020121_048159_05CA42_9DF4.zip,IW,2023-04-19,10TFN
160,"POLYGON ((-120.886833 40.918453, -120.463959 42.537022, -123.52491 42.930042, -123.86853 41.311989, -120.886833 40.918453))",41.9344,-122.1821,2023-04-17T14:15:38.775Z,S1A_IW_SLC__1SDV_20230417T141511_20230417T141538_048137_05C990_3FCC-SLC,DESCENDING,115,SLC,https://datapool.asf.alaska.edu/SLC/SA/S1A_IW_SLC__1SDV_20230417T141511_20230417T141538_048137_05C990_3FCC.zip,2023-04-17 14:15:11.812000+00:00,S1A_IW_SLC__1SDV_20230417T141511_20230417T141538_048137_05C990_3FCC,,Sentinel-1A,4536769530,648ddeb1c6fd116ff5ef59f067c96205,452,SENTINEL_1A_FRAME,48137,VV+VH,2023-04-17T14:15:11.812Z,C-SAR,S1A_IWDV_0452_0458_048137_115,003.61,S1A_IW_SLC__1SDV_20230417T141511_20230417T141538_048137_05C990_3FCC.zip,IW,2023-04-17,10TFN
161,"POLYGON ((-120.488449 42.407387, -120.053589 44.024635, -123.197479 44.418266, -123.54686 42.801155, -120.488449 42.407387))",43.4235,-121.8174,2023-04-17T14:15:13.950Z,S1A_IW_SLC__1SDV_20230417T141446_20230417T141513_048137_05C990_62B9-SLC,DESCENDING,115,SLC,https://datapool.asf.alaska.edu/SLC/SA/S1A_IW_SLC__1SDV_20230417T141446_20230417T141513_048137_05C990_62B9.zip,2023-04-17 14:14:46.991000+00:00,S1A_IW_SLC__1SDV_20230417T141446_20230417T141513_048137_05C990_62B9,,Sentinel-1A,4535419409,4b1a7a89f67f71ffa6cf4745e9fffe25,447,SENTINEL_1A_FRAME,48137,VV+VH,2023-04-17T14:14:46.991Z,C-SAR,S1A_IWDV_0447_0453_048137_115,003.61,S1A_IW_SLC__1SDV_20230417T141446_20230417T141513_048137_05C990_62B9.zip,IW,2023-04-17,10TFN
166,"POLYGON ((-123.409447 44.082165, -122.974319 42.464138, -119.875488 42.861881, -120.223824 44.479729, -123.409447 44.082165))",43.4829,-121.6251,2023-04-07T02:01:46.496Z,S1A_IW_SLC__1SDV_20230407T020119_20230407T020146_047984_05C45B_71DD-SLC,ASCENDING,137,SLC,https://datapool.asf.alaska.edu/SLC/SA/S1A_IW_SLC__1SDV_20230407T020119_20230407T020146_047984_05C45B_71DD.zip,2023-04-07 02:01:19.525000+00:00,S1A_IW_SLC__1SDV_20230407T020119_20230407T020146_047984_05C45B_71DD,,Sentinel-1A,4606831482,69b6088f067cd913aab463e37ae1ca98,138,SENTINEL_1A_FRAME,47984,VV+VH,2023-04-07T02:01:19.525Z,C-SAR,S1A_IWDV_0137_0144_047984_137,003.61,S1A_IW_SLC__1SDV_20230407T020119_20230407T020146_047984_05C45B_71DD.zip,IW,2023-04-07,10TFN
167,"POLYGON ((-123.004356 42.593758, -122.566254 40.916767, -119.545799 41.314747, -119.900627 42.991154, -123.004356 42.593758))",41.9645,-121.2582,2023-04-07T02:01:21.675Z,S1A_IW_SLC__1SDV_20230407T020053_20230407T020121_047984_05C45B_CEFF-SLC,ASCENDING,137,SLC,https://datapool.asf.alaska.edu/SLC/SA/S1A_IW_SLC__1SDV_20230407T020053_20230407T020121_047984_05C45B_CEFF.zip,2023-04-07 02:00:53.740000+00:00,S1A_IW_SLC__1SDV_20230407T020053_20230407T020121_047984_05C45B_CEFF,,Sentinel-1A,4664953198,bcb33b7586b7c1b5d34e0d2a20991072,133,SENTINEL_1A_FRAME,47984,VV+VH,2023-04-07T02:00:53.740Z,C-SAR,S1A_IWDV_0132_0139_047984_137,003.61,S1A_IW_SLC__1SDV_20230407T020053_20230407T020121_047984_05C45B_CEFF.zip,IW,2023-04-07,10TFN
168,"POLYGON ((-120.886482 40.918381, -120.463661 42.536823, -123.524719 42.929836, -123.868301 41.311913, -120.886482 40.918381))",41.9343,-122.1819,2023-04-05T14:15:38.251Z,S1A_IW_SLC__1SDV_20230405T141511_20230405T141538_047962_05C3A6_3D30-SLC,DESCENDING,115,SLC,https://datapool.asf.alaska.edu/SLC/SA/S1A_IW_SLC__1SDV_20230405T141511_20230405T141538_047962_05C3A6_3D30.zip,2023-04-05 14:15:11.290000+00:00,S1A_IW_SLC__1SDV_20230405T141511_20230405T141538_047962_05C3A6_3D30,,Sentinel-1A,4532786295,358996d2dbe8e9c1a8574c5c937ee05c,452,SENTINEL_1A_FRAME,47962,VV+VH,2023-04-05T14:15:11.290Z,C-SAR,S1A_IWDV_0452_0458_047962_115,003.61,S1A_IW_SLC__1SDV_20230405T141511_20230405T141538_047962_05C3A6_3D30.zip,IW,2023-04-05,10TFN
169,"POLYGON ((-120.488121 42.40731, -120.053314 44.024429, -123.197319 44.418056, -123.546646 42.801075, -120.488121 42.40731))",43.4234,-121.8171,2023-04-05T14:15:13.426Z,S1A_IW_SLC__1SDV_20230405T141446_20230405T141513_047962_05C3A6_5691-SLC,DESCENDING,115,SLC,https://datapool.asf.alaska.edu/SLC/SA/S1A_IW_SLC__1SDV_20230405T141446_20230405T141513_047962_05C3A6_5691.zip,2023-04-05 14:14:46.470000+00:00,S1A_IW_SLC__1SDV_20230405T141446_20230405T141513_047962_05C3A6_5691,,Sentinel-1A,4592175717,ff840aa1b177b1667fe1ec45c0381979,447,SENTINEL_1A_FRAME,47962,VV+VH,2023-04-05T14:14:46.470Z,C-SAR,S1A_IWDV_0447_0453_047962_115,003.61,S1A_IW_SLC__1SDV_20230405T141446_20230405T141513_047962_05C3A6_5691.zip,IW,2023-04-05,10TFN
174,"POLYGON ((-123.411186 44.0826, -122.975914 42.464336, -119.877029 42.86216, -120.225494 44.480244, -123.411186 44.0826))",43.4832,-121.6268,2023-03-26T02:01:46.412Z,S1A_IW_SLC__1SDV_20230326T020119_20230326T020146_047809_05BE72_F878-SLC,ASCENDING,137,SLC,https://datapool.asf.alaska.edu/SLC/SA/S1A_IW_SLC__1SDV_20230326T020119_20230326T020146_047809_05BE72_F878.zip,2023-03-26 02:01:19.437000+00:00,S1A_IW_SLC__1SDV_20230326T020119_20230326T020146_047809_05BE72_F878,,Sentinel-1A,4542159975,bc3bf3926ffc16d49e57d170b1840537,138,SENTINEL_1A_FRAME,47809,VV+VH,2023-03-26T02:01:19.437Z,C-SAR,S1A_IWDV_0137_0144_047809_137,003.52,S1A_IW_SLC__1SDV_20230326T020119_20230326T020146_047809_05BE72_F878.zip,IW,2023-03-26,10TFN
175,"POLYGON ((-123.005974 42.593952, -122.567863 40.917217, -119.547333 41.315277, -119.902176 42.991428, -123.005974 42.593952))",41.9648,-121.2598,2023-03-26T02:01:21.587Z,S1A_IW_SLC__1SDV_20230326T020053_20230326T020121_047809_05BE72_CCAC-SLC,ASCENDING,137,SLC,https://datapool.asf.alaska.edu/SLC/SA/S1A_IW_SLC__1SDV_20230326T020053_20230326T020121_047809_05BE72_CCAC.zip,2023-03-26 02:00:53.656000+00:00,S1A_IW_SLC__1SDV_20230326T020053_20230326T020121_047809_05BE72_CCAC,,Sentinel-1A,4690261860,3844600325d4235a7260f385df663159,133,SENTINEL_1A_FRAME,47809,VV+VH,2023-03-26T02:00:53.656Z,C-SAR,S1A_IWDV_0132_0139_047809_137,003.52,S1A_IW_SLC__1SDV_20230326T020053_20230326T020121_047809_05BE72_CCAC.zip,IW,2023-03-26,10TFN
176,"POLYGON ((-120.886024 40.917839, -120.463142 42.536266, -123.524361 42.929363, -123.867996 41.311455, -120.886024 40.917839))",41.9338,-122.1814,2023-03-24T14:15:38.216Z,S1A_IW_SLC__1SDV_20230324T141511_20230324T141538_047787_05BDBE_F943-SLC,DESCENDING,115,SLC,https://datapool.asf.alaska.edu/SLC/SA/S1A_IW_SLC__1SDV_20230324T141511_20230324T141538_047787_05BDBE_F943.zip,2023-03-24 14:15:11.256000+00:00,S1A_IW_SLC__1SDV_20230324T141511_20230324T141538_047787_05BDBE_F943,,Sentinel-1A,4503282372,e5c9b46ae5c5bbb942b320212473c3b7,452,SENTINEL_1A_FRAME,47787,VV+VH,2023-03-24T14:15:11.256Z,C-SAR,S1A_IWDV_0452_0458_047787_115,003.52,S1A_IW_SLC__1SDV_20230324T141511_20230324T141538_047787_05BDBE_F943.zip,IW,2023-03-24,10TFN
177,"POLYGON ((-120.487617 42.406754, -120.052689 44.024105, -123.196861 44.41782, -123.546303 42.800606, -120.487617 42.406754))",43.423,-121.8167,2023-03-24T14:15:13.391Z,S1A_IW_SLC__1SDV_20230324T141446_20230324T141513_047787_05BDBE_6604-SLC,DESCENDING,115,SLC,https://datapool.asf.alaska.edu/SLC/SA/S1A_IW_SLC__1SDV_20230324T141446_20230324T141513_047787_05BDBE_6604.zip,2023-03-24 14:14:46.431000+00:00,S1A_IW_SLC__1SDV_20230324T141446_20230324T141513_047787_05BDBE_6604,,Sentinel-1A,4540297885,c8e606362404a9124aca76c340c6f16a,447,SENTINEL_1A_FRAME,47787,VV+VH,2023-03-24T14:14:46.431Z,C-SAR,S1A_IWDV_0447_0453_047787_115,003.52,S1A_IW_SLC__1SDV_20230324T141446_20230324T141513_047787_05BDBE_6604.zip,IW,2023-03-24,10TFN
182,"POLYGON ((-123.410484 44.082779, -122.975204 42.464649, -119.876305 42.862507, -120.224777 44.480461, -123.410484 44.082779))",43.4835,-121.6261,2023-03-14T02:01:45.920Z,S1A_IW_SLC__1SDV_20230314T020118_20230314T020145_047634_05B88D_5A8D-SLC,ASCENDING,137,SLC,https://datapool.asf.alaska.edu/SLC/SA/S1A_IW_SLC__1SDV_20230314T020118_20230314T020145_047634_05B88D_5A8D.zip,2023-03-14 02:01:18.947000+00:00,S1A_IW_SLC__1SDV_20230314T020118_20230314T020145_047634_05B88D_5A8D,,Sentinel-1A,4611628723,aa537d6b66e043160ee049a01f9c216a,138,SENTINEL_1A_FRAME,47634,VV+VH,2023-03-14T02:01:18.947Z,C-SAR,S1A_IWDV_0137_0144_047634_137,003.52,S1A_IW_SLC__1SDV_20230314T020118_20230314T020145_047634_05B88D_5A8D.zip,IW,2023-03-14,10TFN
183,"POLYGON ((-123.005325 42.594387, -122.567169 40.91766, -119.546616 41.31575, -119.901497 42.991898, -123.005325 42.594387))",41.9653,-121.2591,2023-03-14T02:01:21.099Z,S1A_IW_SLC__1SDV_20230314T020053_20230314T020121_047634_05B88D_1569-SLC,ASCENDING,137,SLC,https://datapool.asf.alaska.edu/SLC/SA/S1A_IW_SLC__1SDV_20230314T020053_20230314T020121_047634_05B88D_1569.zip,2023-03-14 02:00:53.168000+00:00,S1A_IW_SLC__1SDV_20230314T020053_20230314T020121_047634_05B88D_1569,,Sentinel-1A,4720974178,41ab113fa51105ada2b1173bd4e55d1a,133,SENTINEL_1A_FRAME,47634,VV+VH,2023-03-14T02:00:53.168Z,C-SAR,S1A_IWDV_0132_0139_047634_137,003.52,S1A_IW_SLC__1SDV_20230314T020053_20230314T020121_047634_05B88D_1569.zip,IW,2023-03-14,10TFN
184,"POLYGON ((-120.885216 40.917339, -120.462257 42.535877, -123.523422 42.929012, -123.867126 41.310986, -120.885216 40.917339))",41.9334,-122.1806,2023-03-12T14:15:37.998Z,S1A_IW_SLC__1SDV_20230312T141511_20230312T141537_047612_05B7D9_AD7C-SLC,DESCENDING,115,SLC,https://datapool.asf.alaska.edu/SLC/SA/S1A_IW_SLC__1SDV_20230312T141511_20230312T141537_047612_05B7D9_AD7C.zip,2023-03-12 14:15:11.035000+00:00,S1A_IW_SLC__1SDV_20230312T141511_20230312T141537_047612_05B7D9_AD7C,,Sentinel-1A,4612609411,d412fc2a075337d58665732b3eeb2a10,452,SENTINEL_1A_FRAME,47612,VV+VH,2023-03-12T14:15:11.035Z,C-SAR,S1A_IWDV_0452_0458_047612_115,003.52,S1A_IW_SLC__1SDV_20230312T141511_20230312T141537_047612_05B7D9_AD7C.zip,IW,2023-03-12,10TFN
185,"POLYGON ((-120.486763 42.406372, -120.051819 44.023594, -123.195923 44.417339, -123.54538 42.800255, -120.486763 42.406372))",43.4225,-121.8158,2023-03-12T14:15:13.171Z,S1A_IW_SLC__1SDV_20230312T141446_20230312T141513_047612_05B7D9_CD5B-SLC,DESCENDING,115,SLC,https://datapool.asf.alaska.edu/SLC/SA/S1A_IW_SLC__1SDV_20230312T141446_20230312T141513_047612_05B7D9_CD5B.zip,2023-03-12 14:14:46.212000+00:00,S1A_IW_SLC__1SDV_20230312T141446_20230312T141513_047612_05B7D9_CD5B,,Sentinel-1A,4610635345,cb327925625d3afdeb44c844b4863e89,447,SENTINEL_1A_FRAME,47612,VV+VH,2023-03-12T14:14:46.212Z,C-SAR,S1A_IWDV_0447_0453_047612_115,003.52,S1A_IW_SLC__1SDV_20230312T141446_20230312T141513_047612_05B7D9_CD5B.zip,IW,2023-03-12,10TFN
190,"POLYGON ((-123.411461 44.083206, -122.976158 42.464951, -119.877151 42.862793, -120.225632 44.480869, -123.411461 44.083206))",43.4839,-121.627,2023-03-02T02:01:46.175Z,S1A_IW_SLC__1SDV_20230302T020119_20230302T020146_047459_05B29F_8BC6-SLC,ASCENDING,137,SLC,https://datapool.asf.alaska.edu/SLC/SA/S1A_IW_SLC__1SDV_20230302T020119_20230302T020146_047459_05B29F_8BC6.zip,2023-03-02 02:01:19.200000+00:00,S1A_IW_SLC__1SDV_20230302T020119_20230302T020146_047459_05B29F_8BC6,,Sentinel-1A,4538234937,c900e6f651867aea2f809b817277df77,138,SENTINEL_1A_FRAME,47459,VV+VH,2023-03-02T02:01:19.200Z,C-SAR,S1A_IWDV_0137_0144_047459_137,003.52,S1A_IW_SLC__1SDV_20230302T020119_20230302T020146_047459_05B29F_8BC6.zip,IW,2023-03-02,10TFN
191,"POLYGON ((-123.006279 42.594688, -122.568108 40.917839, -119.547455 41.315914, -119.902344 42.992184, -123.006279 42.594688))",41.9655,-121.26,2023-03-02T02:01:21.352Z,S1A_IW_SLC__1SDV_20230302T020053_20230302T020121_047459_05B29F_0A53-SLC,ASCENDING,137,SLC,https://datapool.asf.alaska.edu/SLC/SA/S1A_IW_SLC__1SDV_20230302T020053_20230302T020121_047459_05B29F_0A53.zip,2023-03-02 02:00:53.419000+00:00,S1A_IW_SLC__1SDV_20230302T020053_20230302T020121_047459_05B29F_0A53,,Sentinel-1A,4685976293,2f4450e74489506a0207827ab60cb13d,133,SENTINEL_1A_FRAME,47459,VV+VH,2023-03-02T02:00:53.419Z,C-SAR,S1A_IWDV_0132_0139_047459_137,003.52,S1A_IW_SLC__1SDV_20230302T020053_20230302T020121_047459_05B29F_0A53.zip,IW,2023-03-02,10TFN
192,"POLYGON ((-120.885414 40.917698, -120.462479 42.536106, -123.523857 42.929272, -123.867538 41.311375, -120.885414 40.917698))",41.9337,-122.1809,2023-02-28T14:15:38.202Z,S1A_IW_SLC__1SDV_20230228T141511_20230228T141538_047437_05B1EF_23CB-SLC,DESCENDING,115,SLC,https://datapool.asf.alaska.edu/SLC/SA/S1A_IW_SLC__1SDV_20230228T141511_20230228T141538_047437_05B1EF_23CB.zip,2023-02-28 14:15:11.241000+00:00,S1A_IW_SLC__1SDV_20230228T141511_20230228T141538_047437_05B1EF_23CB,,Sentinel-1A,4549023589,26deabbf6b48038fd1f33c5095495ebe,452,SENTINEL_1A_FRAME,47437,VV+VH,2023-02-28T14:15:11.241Z,C-SAR,S1A_IWDV_0452_0458_047437_115,003.52,S1A_IW_SLC__1SDV_20230228T141511_20230228T141538_047437_05B1EF_23CB.zip,IW,2023-02-28,10TFN
193,"POLYGON ((-120.487007 42.406475, -120.052025 44.023811, -123.19635 44.417591, -123.545837 42.800392, -120.487007 42.406475))",43.4227,-121.8161,2023-02-28T14:15:13.379Z,S1A_IW_SLC__1SDV_20230228T141446_20230228T141513_047437_05B1EF_1882-SLC,DESCENDING,115,SLC,https://datapool.asf.alaska.edu/SLC/SA/S1A_IW_SLC__1SDV_20230228T141446_20230228T141513_047437_05B1EF_1882.zip,2023-02-28 14:14:46.418000+00:00,S1A_IW_SLC__1SDV_20230228T141446_20230228T141513_047437_05B1EF_1882,,Sentinel-1A,4556338280,929f55323dca04ce19a5c0b90fa8f3b4,447,SENTINEL_1A_FRAME,47437,VV+VH,2023-02-28T14:14:46.418Z,C-SAR,S1A_IWDV_0447_0453_047437_115,003.52,S1A_IW_SLC__1SDV_20230228T141446_20230228T141513_047437_05B1EF_1882.zip,IW,2023-02-28,10TFN
198,"POLYGON ((-123.409966 44.08337, -122.974655 42.464993, -119.875626 42.862804, -120.224106 44.481007, -123.409966 44.08337))",43.484,-121.6255,2023-02-18T02:01:45.980Z,S1A_IW_SLC__1SDV_20230218T020119_20230218T020145_047284_05ACB5_8085-SLC,ASCENDING,137,SLC,https://datapool.asf.alaska.edu/SLC/SA/S1A_IW_SLC__1SDV_20230218T020119_20230218T020145_047284_05ACB5_8085.zip,2023-02-18 02:01:19.003000+00:00,S1A_IW_SLC__1SDV_20230218T020119_20230218T020145_047284_05ACB5_8085,,Sentinel-1A,4548332900,5aa2f352e9f039e8e6387cfbeba9e0c0,138,SENTINEL_1A_FRAME,47284,VV+VH,2023-02-18T02:01:19.003Z,C-SAR,S1A_IWDV_0137_0144_047284_137,003.52,S1A_IW_SLC__1SDV_20230218T020119_20230218T020145_047284_05ACB5_8085.zip,IW,2023-02-18,10TFN
199,"POLYGON ((-123.004776 42.59473, -122.566628 40.917885, -119.545952 41.315929, -119.900818 42.992195, -123.004776 42.59473))",41.9655,-121.2585,2023-02-18T02:01:21.155Z,S1A_IW_SLC__1SDV_20230218T020053_20230218T020121_047284_05ACB5_EDC6-SLC,ASCENDING,137,SLC,https://datapool.asf.alaska.edu/SLC/SA/S1A_IW_SLC__1SDV_20230218T020053_20230218T020121_047284_05ACB5_EDC6.zip,2023-02-18 02:00:53.222000+00:00,S1A_IW_SLC__1SDV_20230218T020053_20230218T020121_047284_05ACB5_EDC6,,Sentinel-1A,4700354285,6d654115bfd4644bfdf7019ce283f032,133,SENTINEL_1A_FRAME,47284,VV+VH,2023-02-18T02:00:53.222Z,C-SAR,S1A_IWDV_0132_0139_047284_137,003.52,S1A_IW_SLC__1SDV_20230218T020053_20230218T020121_047284_05ACB5_EDC6.zip,IW,2023-02-18,10TFN
200,"POLYGON ((-120.883423 40.917454, -120.460495 42.535854, -123.521988 42.929028, -123.865654 41.311142, -120.883423 40.917454))",41.9334,-122.179,2023-02-16T14:15:37.848Z,S1A_IW_SLC__1SDV_20230216T141510_20230216T141537_047262_05ABFB_C592-SLC,DESCENDING,115,SLC,https://datapool.asf.alaska.edu/SLC/SA/S1A_IW_SLC__1SDV_20230216T141510_20230216T141537_047262_05ABFB_C592.zip,2023-02-16 14:15:10.888000+00:00,S1A_IW_SLC__1SDV_20230216T141510_20230216T141537_047262_05ABFB_C592,,Sentinel-1A,4528449899,2f66084a551ac453cf1247e315f8c994,452,SENTINEL_1A_FRAME,47262,VV+VH,2023-02-16T14:15:10.888Z,C-SAR,S1A_IWDV_0452_0458_047262_115,003.52,S1A_IW_SLC__1SDV_20230216T141510_20230216T141537_047262_05ABFB_C592.zip,IW,2023-02-16,10TFN
201,"POLYGON ((-120.485039 42.406227, -120.050095 44.02343, -123.194527 44.417217, -123.543976 42.800148, -120.485039 42.406227))",43.4224,-121.8142,2023-02-16T14:15:13.025Z,S1A_IW_SLC__1SDV_20230216T141446_20230216T141513_047262_05ABFB_A4E5-SLC,DESCENDING,115,SLC,https://datapool.asf.alaska.edu/SLC/SA/S1A_IW_SLC__1SDV_20230216T141446_20230216T141513_047262_05ABFB_A4E5.zip,2023-02-16 14:14:46.067000+00:00,S1A_IW_SLC__1SDV_20230216T141446_20230216T141513_047262_05ABFB_A4E5,,Sentinel-1A,4551069308,7fb429eb3df1388dee1e750cf9d6d9f6,447,SENTINEL_1A_FRAME,47262,VV+VH,2023-02-16T14:14:46.067Z,C-SAR,S1A_IWDV_0447_0453_047262_115,003.52,S1A_IW_SLC__1SDV_20230216T141446_20230216T141513_047262_05ABFB_A4E5.zip,IW,2023-02-16,10TFN
206,"POLYGON ((-123.410164 44.083347, -122.974915 42.465088, -119.875923 42.862858, -120.224342 44.480938, -123.410164 44.083347))",43.484,-121.6257,2023-02-06T02:01:46.376Z,S1A_IW_SLC__1SDV_20230206T020119_20230206T020146_047109_05A6CB_F9D0-SLC,ASCENDING,137,SLC,https://datapool.asf.alaska.edu/SLC/SA/S1A_IW_SLC__1SDV_20230206T020119_20230206T020146_047109_05A6CB_F9D0.zip,2023-02-06 02:01:19.400000+00:00,S1A_IW_SLC__1SDV_20230206T020119_20230206T020146_047109_05A6CB_F9D0,,Sentinel-1A,4563875205,a0f0c551a97bec81a023b8eb61b031a9,138,SENTINEL_1A_FRAME,47109,VV+VH,2023-02-06T02:01:19.400Z,C-SAR,S1A_IWDV_0137_0144_047109_137,003.52,S1A_IW_SLC__1SDV_20230206T020119_20230206T020146_047109_05A6CB_F9D0.zip,IW,2023-02-06,10TFN
207,"POLYGON ((-123.005005 42.5947, -122.56691 40.917973, -119.546272 41.315979, -119.901085 42.992126, -123.005005 42.5947))",41.9655,-121.2587,2023-02-06T02:01:21.551Z,S1A_IW_SLC__1SDV_20230206T020053_20230206T020121_047109_05A6CB_ACD4-SLC,ASCENDING,137,SLC,https://datapool.asf.alaska.edu/SLC/SA/S1A_IW_SLC__1SDV_20230206T020053_20230206T020121_047109_05A6CB_ACD4.zip,2023-02-06 02:00:53.620000+00:00,S1A_IW_SLC__1SDV_20230206T020053_20230206T020121_047109_05A6CB_ACD4,,Sentinel-1A,4702343165,d9c73790e4c914abe19c172447b609c8,133,SENTINEL_1A_FRAME,47109,VV+VH,2023-02-06T02:00:53.620Z,C-SAR,S1A_IWDV_0132_0139_047109_137,003.52,S1A_IW_SLC__1SDV_20230206T020053_20230206T020121_047109_05A6CB_ACD4.zip,IW,2023-02-06,10TFN
208,"POLYGON ((-120.8862 40.917858, -120.463295 42.536388, -123.524872 42.929504, -123.868507 41.311489, -120.8862 40.917858))",41.9339,-122.1818,2023-02-04T14:15:38.481Z,S1A_IW_SLC__1SDV_20230204T141511_20230204T141538_047087_05A618_DFC0-SLC,DESCENDING,115,SLC,https://datapool.asf.alaska.edu/SLC/SA/S1A_IW_SLC__1SDV_20230204T141511_20230204T141538_047087_05A618_DFC0.zip,2023-02-04 14:15:11.519000+00:00,S1A_IW_SLC__1SDV_20230204T141511_20230204T141538_047087_05A618_DFC0,,Sentinel-1A,4584406334,40d05cd517062ffb18a678cdacf9685a,452,SENTINEL_1A_FRAME,47087,VV+VH,2023-02-04T14:15:11.519Z,C-SAR,S1A_IWDV_0452_0458_047087_115,003.52,S1A_IW_SLC__1SDV_20230204T141511_20230204T141538_047087_05A618_DFC0.zip,IW,2023-02-04,10TFN
209,"POLYGON ((-120.487808 42.406757, -120.052917 44.023964, -123.197456 44.417698, -123.546844 42.800625, -120.487808 42.406757))",43.4229,-121.817,2023-02-04T14:15:13.656Z,S1A_IW_SLC__1SDV_20230204T141446_20230204T141513_047087_05A618_A004-SLC,DESCENDING,115,SLC,https://datapool.asf.alaska.edu/SLC/SA/S1A_IW_SLC__1SDV_20230204T141446_20230204T141513_047087_05A618_A004.zip,2023-02-04 14:14:46.698000+00:00,S1A_IW_SLC__1SDV_20230204T141446_20230204T141513_047087_05A618_A004,,Sentinel-1A,4606865963,15ef8cf3cd4dadc12aa29f307babc7a7,447,SENTINEL_1A_FRAME,47087,VV+VH,2023-02-04T14:14:46.698Z,C-SAR,S1A_IWDV_0447_0453_047087_115,003.52,S1A_IW_SLC__1SDV_20230204T141446_20230204T141513_047087_05A618_A004.zip,IW,2023-02-04,10TFN
214,"POLYGON ((-123.412086 44.083031, -122.976791 42.464909, -119.877792 42.862759, -120.226257 44.480709, -123.412086 44.083031))",43.4838,-121.6276,2023-01-25T02:01:46.963Z,S1A_IW_SLC__1SDV_20230125T020119_20230125T020146_046934_05A0F6_FF4C-SLC,ASCENDING,137,SLC,https://datapool.asf.alaska.edu/SLC/SA/S1A_IW_SLC__1SDV_20230125T020119_20230125T020146_046934_05A0F6_FF4C.zip,2023-01-25 02:01:19.990000+00:00,S1A_IW_SLC__1SDV_20230125T020119_20230125T020146_046934_05A0F6_FF4C,,Sentinel-1A,4589530970,62c29be48c8107a23012f94fc33da520,138,SENTINEL_1A_FRAME,46934,VV+VH,2023-01-25T02:01:19.990Z,C-SAR,S1A_IWDV_0137_0144_046934_137,003.52,S1A_IW_SLC__1SDV_20230125T020119_20230125T020146_046934_05A0F6_FF4C.zip,IW,2023-01-25,10TFN
215,"POLYGON ((-123.006912 42.594643, -122.56871 40.917801, -119.548073 41.315884, -119.902977 42.992149, -123.006912 42.594643))",41.9655,-121.2606,2023-01-25T02:01:22.143Z,S1A_IW_SLC__1SDV_20230125T020054_20230125T020122_046934_05A0F6_ADF0-SLC,ASCENDING,137,SLC,https://datapool.asf.alaska.edu/SLC/SA/S1A_IW_SLC__1SDV_20230125T020054_20230125T020122_046934_05A0F6_ADF0.zip,2023-01-25 02:00:54.210000+00:00,S1A_IW_SLC__1SDV_20230125T020054_20230125T020122_046934_05A0F6_ADF0,,Sentinel-1A,4728519382,b6e528efc3d1bc29c5c06d6b2bbbad38,133,SENTINEL_1A_FRAME,46934,VV+VH,2023-01-25T02:00:54.210Z,C-SAR,S1A_IWDV_0132_0139_046934_137,003.52,S1A_IW_SLC__1SDV_20230125T020054_20230125T020122_046934_05A0F6_ADF0.zip,IW,2023-01-25,10TFN
216,"POLYGON ((-120.88575 40.917698, -120.462837 42.536091, -123.524483 42.929264, -123.868134 41.311382, -120.88575 40.917698))",41.9337,-122.1814,2023-01-23T14:15:38.967Z,S1A_IW_SLC__1SDV_20230123T141512_20230123T141538_046912_05A043_1170-SLC,DESCENDING,115,SLC,https://datapool.asf.alaska.edu/SLC/SA/S1A_IW_SLC__1SDV_20230123T141512_20230123T141538_046912_05A043_1170.zip,2023-01-23 14:15:12.006000+00:00,S1A_IW_SLC__1SDV_20230123T141512_20230123T141538_046912_05A043_1170,,Sentinel-1A,4549940934,40781b6c8ea3f27d0ba4a1877421e6c1,452,SENTINEL_1A_FRAME,46912,VV+VH,2023-01-23T14:15:12.006Z,C-SAR,S1A_IWDV_0452_0458_046912_115,003.52,S1A_IW_SLC__1SDV_20230123T141512_20230123T141538_046912_05A043_1170.zip,IW,2023-01-23,10TFN
217,"POLYGON ((-120.487373 42.406464, -120.052467 44.02354, -123.197014 44.417324, -123.546425 42.800381, -120.487373 42.406464))",43.4226,-121.8166,2023-01-23T14:15:14.144Z,S1A_IW_SLC__1SDV_20230123T141447_20230123T141514_046912_05A043_73BD-SLC,DESCENDING,115,SLC,https://datapool.asf.alaska.edu/SLC/SA/S1A_IW_SLC__1SDV_20230123T141447_20230123T141514_046912_05A043_73BD.zip,2023-01-23 14:14:47.187000+00:00,S1A_IW_SLC__1SDV_20230123T141447_20230123T141514_046912_05A043_73BD,,Sentinel-1A,4550949190,57b1e850379af37b97111071879ae398,447,SENTINEL_1A_FRAME,46912,VV+VH,2023-01-23T14:14:47.187Z,C-SAR,S1A_IWDV_0447_0453_046912_115,003.52,S1A_IW_SLC__1SDV_20230123T141447_20230123T141514_046912_05A043_73BD.zip,IW,2023-01-23,10TFN
222,"POLYGON ((-123.410316 44.083099, -122.974998 42.464985, -119.87587 42.862865, -120.224365 44.480808, -123.410316 44.083099))",43.4839,-121.6258,2023-01-13T02:01:46.899Z,S1A_IW_SLC__1SDV_20230113T020119_20230113T020146_046759_059B08_D0A3-SLC,ASCENDING,137,SLC,https://datapool.asf.alaska.edu/SLC/SA/S1A_IW_SLC__1SDV_20230113T020119_20230113T020146_046759_059B08_D0A3.zip,2023-01-13 02:01:19.926000+00:00,S1A_IW_SLC__1SDV_20230113T020119_20230113T020146_046759_059B08_D0A3,,Sentinel-1A,4652954737,2b5345b15a73b176bc8cdc5af0ea6175,138,SENTINEL_1A_FRAME,46759,VV+VH,2023-01-13T02:01:19.926Z,C-SAR,S1A_IWDV_0137_0144_046759_137,003.52,S1A_IW_SLC__1SDV_20230113T020119_20230113T020146_046759_059B08_D0A3.zip,IW,2023-01-13,10TFN
223,"POLYGON ((-123.005058 42.594471, -122.566864 40.917763, -119.546112 41.315876, -119.901016 42.992012, -123.005058 42.594471))",41.9654,-121.2587,2023-01-13T02:01:22.074Z,S1A_IW_SLC__1SDV_20230113T020054_20230113T020122_046759_059B08_9660-SLC,ASCENDING,137,SLC,https://datapool.asf.alaska.edu/SLC/SA/S1A_IW_SLC__1SDV_20230113T020054_20230113T020122_046759_059B08_9660.zip,2023-01-13 02:00:54.144000+00:00,S1A_IW_SLC__1SDV_20230113T020054_20230113T020122_046759_059B08_9660,,Sentinel-1A,4758326771,3744c9984ba4c5d6153f4d8196d787ba,133,SENTINEL_1A_FRAME,46759,VV+VH,2023-01-13T02:00:54.144Z,C-SAR,S1A_IWDV_0132_0139_046759_137,003.52,S1A_IW_SLC__1SDV_20230113T020054_20230113T020122_046759_059B08_9660.zip,IW,2023-01-13,10TFN
224,"POLYGON ((-120.882912 40.917801, -120.459938 42.53632, -123.521523 42.929501, -123.865219 41.311493, -120.882912 40.917801))",41.9338,-122.1785,2023-01-11T14:15:38.792Z,S1A_IW_SLC__1SDV_20230111T141511_20230111T141538_046737_059A5B_053F-SLC,DESCENDING,115,SLC,https://datapool.asf.alaska.edu/SLC/SA/S1A_IW_SLC__1SDV_20230111T141511_20230111T141538_046737_059A5B_053F.zip,2023-01-11 14:15:11.829000+00:00,S1A_IW_SLC__1SDV_20230111T141511_20230111T141538_046737_059A5B_053F,,Sentinel-1A,4619140310,220f235a46d19b720f34e80dae98f790,452,SENTINEL_1A_FRAME,46737,VV+VH,2023-01-11T14:15:11.829Z,C-SAR,S1A_IWDV_0452_0458_046737_115,003.52,S1A_IW_SLC__1SDV_20230111T141511_20230111T141538_046737_059A5B_053F.zip,IW,2023-01-11,10TFN
225,"POLYGON ((-120.484451 42.406689, -120.049454 44.02401, -123.194008 44.417809, -123.543488 42.800621, -120.484451 42.406689))",43.4229,-121.8136,2023-01-11T14:15:13.967Z,S1A_IW_SLC__1SDV_20230111T141447_20230111T141513_046737_059A5B_5CEA-SLC,DESCENDING,115,SLC,https://datapool.asf.alaska.edu/SLC/SA/S1A_IW_SLC__1SDV_20230111T141447_20230111T141513_046737_059A5B_5CEA.zip,2023-01-11 14:14:47.007000+00:00,S1A_IW_SLC__1SDV_20230111T141447_20230111T141513_046737_059A5B_5CEA,,Sentinel-1A,4610578217,484bfc8e69ff17d3dad3140ad7ec8796,447,SENTINEL_1A_FRAME,46737,VV+VH,2023-01-11T14:14:47.007Z,C-SAR,S1A_IWDV_0447_0453_046737_115,003.52,S1A_IW_SLC__1SDV_20230111T141447_20230111T141513_046737_059A5B_5CEA.zip,IW,2023-01-11,10TFN
230,"POLYGON ((-123.411797 44.083523, -122.976448 42.465279, -119.877327 42.863148, -120.225838 44.481216, -123.411797 44.083523))",43.4842,-121.6272,2023-01-01T02:01:47.947Z,S1A_IW_SLC__1SDV_20230101T020120_20230101T020147_046584_059528_443C-SLC,ASCENDING,137,SLC,https://datapool.asf.alaska.edu/SLC/SA/S1A_IW_SLC__1SDV_20230101T020120_20230101T020147_046584_059528_443C.zip,2023-01-01 02:01:20.972000+00:00,S1A_IW_SLC__1SDV_20230101T020120_20230101T020147_046584_059528_443C,,Sentinel-1A,4597039170,8ca6423ee3149c46bc6721adf2303edc,138,SENTINEL_1A_FRAME,46584,VV+VH,2023-01-01T02:01:20.972Z,C-SAR,S1A_IWDV_0137_0144_046584_137,003.52,S1A_IW_SLC__1SDV_20230101T020120_20230101T020147_046584_059528_443C.zip,IW,2023-01-01,10TFN
231,"POLYGON ((-123.006577 42.595016, -122.568359 40.918182, -119.5476 41.31628, -119.902519 42.992538, -123.006577 42.595016))",41.9659,-121.2602,2023-01-01T02:01:23.124Z,S1A_IW_SLC__1SDV_20230101T020055_20230101T020123_046584_059528_C96D-SLC,ASCENDING,137,SLC,https://datapool.asf.alaska.edu/SLC/SA/S1A_IW_SLC__1SDV_20230101T020055_20230101T020123_046584_059528_C96D.zip,2023-01-01 02:00:55.191000+00:00,S1A_IW_SLC__1SDV_20230101T020055_20230101T020123_046584_059528_C96D,,Sentinel-1A,4741232512,4ff076828649815c90dabba13ae56cc5,133,SENTINEL_1A_FRAME,46584,VV+VH,2023-01-01T02:00:55.191Z,C-SAR,S1A_IWDV_0132_0139_046584_137,003.52,S1A_IW_SLC__1SDV_20230101T020055_20230101T020123_046584_059528_C96D.zip,IW,2023-01-01,10TFN
232,"POLYGON ((-120.884201 40.917259, -120.461166 42.535889, -123.522896 42.929131, -123.866653 41.311012, -120.884201 40.917259))",41.9334,-122.1798,2022-12-30T14:15:39.935Z,S1A_IW_SLC__1SDV_20221230T141512_20221230T141539_046562_059470_33E9-SLC,DESCENDING,115,SLC,https://datapool.asf.alaska.edu/SLC/SA/S1A_IW_SLC__1SDV_20221230T141512_20221230T141539_046562_059470_33E9.zip,2022-12-30 14:15:12.970000+00:00,S1A_IW_SLC__1SDV_20221230T141512_20221230T141539_046562_059470_33E9,,Sentinel-1A,4716894553,44bdaadb3e0e24bb7b4f0cc00aa5e2d0,452,SENTINEL_1A_FRAME,46562,VV+VH,2022-12-30T14:15:12.970Z,C-SAR,S1A_IWDV_0452_0458_046562_115,003.52,S1A_IW_SLC__1SDV_20221230T141512_20221230T141539_046562_059470_33E9.zip,IW,2022-12-30,10TFN
233,"POLYGON ((-120.485695 42.406261, -120.050629 44.023693, -123.195335 44.417553, -123.544876 42.800251, -120.485695 42.406261))",43.4226,-121.8149,2022-12-30T14:15:15.108Z,S1A_IW_SLC__1SDV_20221230T141448_20221230T141515_046562_059470_5531-SLC,DESCENDING,115,SLC,https://datapool.asf.alaska.edu/SLC/SA/S1A_IW_SLC__1SDV_20221230T141448_20221230T141515_046562_059470_5531.zip,2022-12-30 14:14:48.145000+00:00,S1A_IW_SLC__1SDV_20221230T141448_20221230T141515_046562_059470_5531,,Sentinel-1A,4707962722,f22856a2d642c20dedd7012a62717700,447,SENTINEL_1A_FRAME,46562,VV+VH,2022-12-30T14:14:48.145Z,C-SAR,S1A_IWDV_0447_0453_046562_115,003.52,S1A_IW_SLC__1SDV_20221230T141448_20221230T141515_046562_059470_5531.zip,IW,2022-12-30,10TFN
236,"POLYGON ((-123.40979 44.082893, -122.974594 42.465015, -119.875534 42.862831, -120.223907 44.480534, -123.40979 44.082893))",43.4837,-121.6253,2022-12-20T02:01:48.386Z,S1A_IW_SLC__1SDV_20221220T020121_20221220T020148_046409_058F3D_6276-SLC,ASCENDING,137,SLC,https://datapool.asf.alaska.edu/SLC/SA/S1A_IW_SLC__1SDV_20221220T020121_20221220T020148_046409_058F3D_6276.zip,2022-12-20 02:01:21.418000+00:00,S1A_IW_SLC__1SDV_20221220T020121_20221220T020148_046409_058F3D_6276,,Sentinel-1A,4498005130,97fa51975f59ff5d02fcbad821be11fa,138,SENTINEL_1A_FRAME,46409,VV+VH,2022-12-20T02:01:21.418Z,C-SAR,S1A_IWDV_0137_0144_046409_137,003.52,S1A_IW_SLC__1SDV_20221220T020121_20221220T020148_046409_058F3D_6276.zip,IW,2022-12-20,10TFN
237,"POLYGON ((-123.004646 42.594505, -122.566513 40.917786, -119.545822 41.315834, -119.900665 42.991978, -123.004646 42.594505))",41.9654,-121.2583,2022-12-20T02:01:23.566Z,S1A_IW_SLC__1SDV_20221220T020055_20221220T020123_046409_058F3D_4EC6-SLC,ASCENDING,137,SLC,https://datapool.asf.alaska.edu/SLC/SA/S1A_IW_SLC__1SDV_20221220T020055_20221220T020123_046409_058F3D_4EC6.zip,2022-12-20 02:00:55.635000+00:00,S1A_IW_SLC__1SDV_20221220T020055_20221220T020123_046409_058F3D_4EC6,,Sentinel-1A,4650938872,b15a3daaece8a0c16de78d32f5d3a611,133,SENTINEL_1A_FRAME,46409,VV+VH,2022-12-20T02:00:55.635Z,C-SAR,S1A_IWDV_0132_0139_046409_137,003.52,S1A_IW_SLC__1SDV_20221220T020055_20221220T020123_046409_058F3D_4EC6.zip,IW,2022-12-20,10TFN
238,"POLYGON ((-120.883858 40.91827, -120.460915 42.536663, -123.522621 42.929863, -123.866295 41.311981, -120.883858 40.91827))",41.9343,-122.1795,2022-12-18T14:15:40.455Z,S1A_IW_SLC__1SDV_20221218T141513_20221218T141540_046387_058E8B_ABC8-SLC,DESCENDING,115,SLC,https://datapool.asf.alaska.edu/SLC/SA/S1A_IW_SLC__1SDV_20221218T141513_20221218T141540_046387_058E8B_ABC8.zip,2022-12-18 14:15:13.495000+00:00,S1A_IW_SLC__1SDV_20221218T141513_20221218T141540_046387_058E8B_ABC8,,Sentinel-1A,4553687508,175cded36b7e812c87b5a5051c5a5928,452,SENTINEL_1A_FRAME,46387,VV+VH,2022-12-18T14:15:13.495Z,C-SAR,S1A_IWDV_0452_0458_046387_115,003.52,S1A_IW_SLC__1SDV_20221218T141513_20221218T141540_046387_058E8B_ABC8.zip,IW,2022-12-18,10TFN
239,"POLYGON ((-120.485374 42.40715, -120.050369 44.024467, -123.195061 44.418289, -123.544548 42.801105, -120.485374 42.40715))",43.4234,-121.8146,2022-12-18T14:15:15.630Z,S1A_IW_SLC__1SDV_20221218T141448_20221218T141515_046387_058E8B_6F21-SLC,DESCENDING,115,SLC,https://datapool.asf.alaska.edu/SLC/SA/S1A_IW_SLC__1SDV_20221218T141448_20221218T141515_046387_058E8B_6F21.zip,2022-12-18 14:14:48.670000+00:00,S1A_IW_SLC__1SDV_20221218T141448_20221218T141515_046387_058E8B_6F21,,Sentinel-1A,4514085154,92cfe8bb18fdc2c8f0431be049866d34,447,SENTINEL_1A_FRAME,46387,VV+VH,2022-12-18T14:14:48.670Z,C-SAR,S1A_IWDV_0447_0453_046387_115,003.52,S1A_IW_SLC__1SDV_20221218T141448_20221218T141515_046387_058E8B_6F21.zip,IW,2022-12-18,10TFN
244,"POLYGON ((-123.410675 44.083191, -122.97538 42.464817, -119.876305 42.862606, -120.224762 44.480804, -123.410675 44.083191))",43.4838,-121.6262,2022-12-08T02:01:49.216Z,S1A_IW_SLC__1SDV_20221208T020122_20221208T020149_046234_058941_E7CF-SLC,ASCENDING,137,SLC,https://datapool.asf.alaska.edu/SLC/SA/S1A_IW_SLC__1SDV_20221208T020122_20221208T020149_046234_058941_E7CF.zip,2022-12-08 02:01:22.239000+00:00,S1A_IW_SLC__1SDV_20221208T020122_20221208T020149_046234_058941_E7CF,,Sentinel-1A,4461530649,b2140eed5843ed36ccb92d5e25531b91,138,SENTINEL_1A_FRAME,46234,VV+VH,2022-12-08T02:01:22.239Z,C-SAR,S1A_IWDV_0137_0144_046234_137,003.52,S1A_IW_SLC__1SDV_20221208T020122_20221208T020149_046234_058941_E7CF.zip,IW,2022-12-08,10TFN
245,"POLYGON ((-123.005447 42.594433, -122.567276 40.917461, -119.546547 41.315491, -119.901413 42.991879, -123.005447 42.594433))",41.9652,-121.2591,2022-12-08T02:01:24.389Z,S1A_IW_SLC__1SDV_20221208T020056_20221208T020124_046234_058941_D753-SLC,ASCENDING,137,SLC,https://datapool.asf.alaska.edu/SLC/SA/S1A_IW_SLC__1SDV_20221208T020056_20221208T020124_046234_058941_D753.zip,2022-12-08 02:00:56.454000+00:00,S1A_IW_SLC__1SDV_20221208T020056_20221208T020124_046234_058941_D753,,Sentinel-1A,4625564732,e4574d052028f04dd51f135ccee497d8,133,SENTINEL_1A_FRAME,46234,VV+VH,2022-12-08T02:00:56.454Z,C-SAR,S1A_IWDV_0133_0138_046234_137,003.52,S1A_IW_SLC__1SDV_20221208T020056_20221208T020124_046234_058941_D753.zip,IW,2022-12-08,10TFN
246,"POLYGON ((-120.885765 40.918152, -120.462799 42.536797, -123.524506 42.929947, -123.868195 41.311817, -120.885765 40.918152))",41.9342,-122.1814,2022-12-06T14:15:41.300Z,S1A_IW_SLC__1SDV_20221206T141514_20221206T141541_046212_05888E_3B0D-SLC,DESCENDING,115,SLC,https://datapool.asf.alaska.edu/SLC/SA/S1A_IW_SLC__1SDV_20221206T141514_20221206T141541_046212_05888E_3B0D.zip,2022-12-06 14:15:14.336000+00:00,S1A_IW_SLC__1SDV_20221206T141514_20221206T141541_046212_05888E_3B0D,,Sentinel-1A,4566443245,b68a9693865d34f5d2fe9d36c036be7e,452,SENTINEL_1A_FRAME,46212,VV+VH,2022-12-06T14:15:14.336Z,C-SAR,S1A_IWDV_0452_0458_046212_115,003.52,S1A_IW_SLC__1SDV_20221206T141514_20221206T141541_046212_05888E_3B0D.zip,IW,2022-12-06,10TFN
247,"POLYGON ((-120.487282 42.407162, -120.052292 44.024609, -123.196991 44.418377, -123.546455 42.801067, -120.487282 42.407162))",43.4234,-121.8165,2022-12-06T14:15:16.473Z,S1A_IW_SLC__1SDV_20221206T141449_20221206T141516_046212_05888E_3240-SLC,DESCENDING,115,SLC,https://datapool.asf.alaska.edu/SLC/SA/S1A_IW_SLC__1SDV_20221206T141449_20221206T141516_046212_05888E_3240.zip,2022-12-06 14:14:49.511000+00:00,S1A_IW_SLC__1SDV_20221206T141449_20221206T141516_046212_05888E_3240,,Sentinel-1A,4532499868,d2d0810a5c18b6d194311797e1d92703,447,SENTINEL_1A_FRAME,46212,VV+VH,2022-12-06T14:14:49.511Z,C-SAR,S1A_IWDV_0447_0453_046212_115,003.52,S1A_IW_SLC__1SDV_20221206T141449_20221206T141516_046212_05888E_3240.zip,IW,2022-12-06,10TFN
252,"POLYGON ((-123.412041 44.082745, -122.976768 42.464489, -119.877716 42.862289, -120.226151 44.48037, -123.412041 44.082745))",43.4834,-121.6275,2022-11-26T02:01:49.960Z,S1A_IW_SLC__1SDV_20221126T020122_20221126T020149_046059_058344_D302-SLC,ASCENDING,137,SLC,https://datapool.asf.alaska.edu/SLC/SA/S1A_IW_SLC__1SDV_20221126T020122_20221126T020149_046059_058344_D302.zip,2022-11-26 02:01:22.985000+00:00,S1A_IW_SLC__1SDV_20221126T020122_20221126T020149_046059_058344_D302,,Sentinel-1A,4567860775,65b83644abe8e893e7d2435deb863d96,138,SENTINEL_1A_FRAME,46059,VV+VH,2022-11-26T02:01:22.985Z,C-SAR,S1A_IWDV_0137_0144_046059_137,003.52,S1A_IW_SLC__1SDV_20221126T020122_20221126T020149_046059_058344_D302.zip,IW,2022-11-26,10TFN
253,"POLYGON ((-123.006783 42.594242, -122.56868 40.917515, -119.548012 41.315544, -119.90284 42.991688, -123.006783 42.594242))",41.9651,-121.2605,2022-11-26T02:01:25.137Z,S1A_IW_SLC__1SDV_20221126T020057_20221126T020125_046059_058344_D831-SLC,ASCENDING,137,SLC,https://datapool.asf.alaska.edu/SLC/SA/S1A_IW_SLC__1SDV_20221126T020057_20221126T020125_046059_058344_D831.zip,2022-11-26 02:00:57.207000+00:00,S1A_IW_SLC__1SDV_20221126T020057_20221126T020125_046059_058344_D831,,Sentinel-1A,4679788184,00c5d8e02289b9e4b19da28b9b66655b,133,SENTINEL_1A_FRAME,46059,VV+VH,2022-11-26T02:00:57.207Z,C-SAR,S1A_IWDV_0132_0139_046059_137,003.52,S1A_IW_SLC__1SDV_20221126T020057_20221126T020125_046059_058344_D831.zip,IW,2022-11-26,10TFN
254,"POLYGON ((-120.887169 40.918419, -120.464249 42.536942, -123.525948 42.930077, -123.869598 41.312069, -120.887169 40.918419))",41.9344,-122.1828,2022-11-24T14:15:42.056Z,S1A_IW_SLC__1SDV_20221124T141515_20221124T141542_046037_058292_6634-SLC,DESCENDING,115,SLC,https://datapool.asf.alaska.edu/SLC/SA/S1A_IW_SLC__1SDV_20221124T141515_20221124T141542_046037_058292_6634.zip,2022-11-24 14:15:15.093000+00:00,S1A_IW_SLC__1SDV_20221124T141515_20221124T141542_046037_058292_6634,,Sentinel-1A,4551219352,ab9a0395f944e370c86eb8e21c7dcd8f,452,SENTINEL_1A_FRAME,46037,VV+VH,2022-11-24T14:15:15.093Z,C-SAR,S1A_IWDV_0452_0458_046037_115,003.52,S1A_IW_SLC__1SDV_20221124T141515_20221124T141542_046037_058292_6634.zip,IW,2022-11-24,10TFN
255,"POLYGON ((-120.488838 42.407318, -120.05397 44.024399, -123.198586 44.418148, -123.547966 42.801201, -120.488838 42.407318))",43.4234,-121.8181,2022-11-24T14:15:17.231Z,S1A_IW_SLC__1SDV_20221124T141450_20221124T141517_046037_058292_1D9A-SLC,DESCENDING,115,SLC,https://datapool.asf.alaska.edu/SLC/SA/S1A_IW_SLC__1SDV_20221124T141450_20221124T141517_046037_058292_1D9A.zip,2022-11-24 14:14:50.275000+00:00,S1A_IW_SLC__1SDV_20221124T141450_20221124T141517_046037_058292_1D9A,,Sentinel-1A,4555786095,ca34037cb6c5a47a8973feb72d0af145,447,SENTINEL_1A_FRAME,46037,VV+VH,2022-11-24T14:14:50.275Z,C-SAR,S1A_IWDV_0447_0453_046037_115,003.52,S1A_IW_SLC__1SDV_20221124T141450_20221124T141517_046037_058292_1D9A.zip,IW,2022-11-24,10TFN
260,"POLYGON ((-123.411209 44.08279, -122.975883 42.464546, -119.876808 42.862404, -120.225304 44.480476, -123.411209 44.08279))",43.4835,-121.6267,2022-11-14T02:01:49.841Z,S1A_IW_SLC__1SDV_20221114T020122_20221114T020149_045884_057D5F_E698-SLC,ASCENDING,137,SLC,https://datapool.asf.alaska.edu/SLC/SA/S1A_IW_SLC__1SDV_20221114T020122_20221114T020149_045884_057D5F_E698.zip,2022-11-14 02:01:22.866000+00:00,S1A_IW_SLC__1SDV_20221114T020122_20221114T020149_045884_057D5F_E698,,Sentinel-1A,4522855400,e7510bdf03d8de0185b4fd246cabd91a,138,SENTINEL_1A_FRAME,45884,VV+VH,2022-11-14T02:01:22.866Z,C-SAR,S1A_IWDV_0138_0143_045884_137,003.52,S1A_IW_SLC__1SDV_20221114T020122_20221114T020149_045884_057D5F_E698.zip,IW,2022-11-14,10TFN
261,"POLYGON ((-123.005943 42.594162, -122.567749 40.91732, -119.547096 41.315407, -119.902 42.991669, -123.005943 42.594162))",41.965,-121.2596,2022-11-14T02:01:25.016Z,S1A_IW_SLC__1SDV_20221114T020057_20221114T020125_045884_057D5F_F49C-SLC,ASCENDING,137,SLC,https://datapool.asf.alaska.edu/SLC/SA/S1A_IW_SLC__1SDV_20221114T020057_20221114T020125_045884_057D5F_F49C.zip,2022-11-14 02:00:57.083000+00:00,S1A_IW_SLC__1SDV_20221114T020057_20221114T020125_045884_057D5F_F49C,,Sentinel-1A,4706681139,64912c5e2f4aa13f8eeebb9b35729040,133,SENTINEL_1A_FRAME,45884,VV+VH,2022-11-14T02:00:57.083Z,C-SAR,S1A_IWDV_0133_0138_045884_137,003.52,S1A_IW_SLC__1SDV_20221114T020057_20221114T020125_045884_057D5F_F49C.zip,IW,2022-11-14,10TFN
262,"POLYGON ((-120.884315 40.918221, -120.461349 42.536739, -123.523018 42.929928, -123.866714 41.31192, -120.884315 40.918221))",41.9343,-122.1799,2022-11-12T14:15:41.801Z,S1A_IW_SLC__1SDV_20221112T141514_20221112T141541_045862_057CAD_16C6-SLC,DESCENDING,115,SLC,https://datapool.asf.alaska.edu/SLC/SA/S1A_IW_SLC__1SDV_20221112T141514_20221112T141541_045862_057CAD_16C6.zip,2022-11-12 14:15:14.839000+00:00,S1A_IW_SLC__1SDV_20221112T141514_20221112T141541_045862_057CAD_16C6,,Sentinel-1A,4618347237,5f92e6c3e645c6038a594e74582bb089,452,SENTINEL_1A_FRAME,45862,VV+VH,2022-11-12T14:15:14.839Z,C-SAR,S1A_IWDV_0452_0458_045862_115,003.52,S1A_IW_SLC__1SDV_20221112T141514_20221112T141541_045862_057CAD_16C6.zip,IW,2022-11-12,10TFN
263,"POLYGON ((-120.485802 42.40723, -120.05085 44.024426, -123.195496 44.418232, -123.544952 42.801167, -120.485802 42.40723))",43.4234,-121.8151,2022-11-12T14:15:16.974Z,S1A_IW_SLC__1SDV_20221112T141450_20221112T141516_045862_057CAD_952B-SLC,DESCENDING,115,SLC,https://datapool.asf.alaska.edu/SLC/SA/S1A_IW_SLC__1SDV_20221112T141450_20221112T141516_045862_057CAD_952B.zip,2022-11-12 14:14:50.016000+00:00,S1A_IW_SLC__1SDV_20221112T141450_20221112T141516_045862_057CAD_952B,,Sentinel-1A,4552418511,6b25fdbbe29af6aa08d4718a84e599ba,447,SENTINEL_1A_FRAME,45862,VV+VH,2022-11-12T14:14:50.016Z,C-SAR,S1A_IWDV_0447_0453_045862_115,003.52,S1A_IW_SLC__1SDV_20221112T141450_20221112T141516_045862_057CAD_952B.zip,IW,2022-11-12,10TFN
268,"POLYGON ((-123.41024 44.082882, -122.974953 42.464748, -119.876038 42.862579, -120.224495 44.480537, -123.41024 44.082882))",43.4836,-121.6258,2022-11-02T02:01:49.969Z,S1A_IW_SLC__1SDV_20221102T020122_20221102T020149_045709_057770_6DB2-SLC,ASCENDING,137,SLC,https://datapool.asf.alaska.edu/SLC/SA/S1A_IW_SLC__1SDV_20221102T020122_20221102T020149_045709_057770_6DB2.zip,2022-11-02 02:01:22.996000+00:00,S1A_IW_SLC__1SDV_20221102T020122_20221102T020149_045709_057770_6DB2,,Sentinel-1A,4610568454,86dcaa14ccdd7de0972e7d73ae1145d7,138,SENTINEL_1A_FRAME,45709,VV+VH,2022-11-02T02:01:22.996Z,C-SAR,S1A_IWDV_0137_0144_045709_137,003.52,S1A_IW_SLC__1SDV_20221102T020122_20221102T020149_045709_057770_6DB2.zip,IW,2022-11-02,10TFN
269,"POLYGON ((-123.005058 42.59449, -122.566841 40.917519, -119.546288 41.315578, -119.901215 42.991974, -123.005058 42.59449))",41.9652,-121.2588,2022-11-02T02:01:25.149Z,S1A_IW_SLC__1SDV_20221102T020057_20221102T020125_045709_057770_7743-SLC,ASCENDING,137,SLC,https://datapool.asf.alaska.edu/SLC/SA/S1A_IW_SLC__1SDV_20221102T020057_20221102T020125_045709_057770_7743.zip,2022-11-02 02:00:57.213000+00:00,S1A_IW_SLC__1SDV_20221102T020057_20221102T020125_045709_057770_7743,,Sentinel-1A,4764414033,81bf708f2cb0bc8488c5e8189edf433d,133,SENTINEL_1A_FRAME,45709,VV+VH,2022-11-02T02:00:57.213Z,C-SAR,S1A_IWDV_0132_0139_045709_137,003.52,S1A_IW_SLC__1SDV_20221102T020057_20221102T020125_045709_057770_7743.zip,IW,2022-11-02,10TFN
270,"POLYGON ((-120.884789 40.91806, -120.461853 42.536461, -123.523438 42.929653, -123.867111 41.311768, -120.884789 40.91806))",41.934,-122.1804,2022-10-31T14:15:42.151Z,S1A_IW_SLC__1SDV_20221031T141515_20221031T141542_045687_0576C6_3CC7-SLC,DESCENDING,115,SLC,https://datapool.asf.alaska.edu/SLC/SA/S1A_IW_SLC__1SDV_20221031T141515_20221031T141542_045687_0576C6_3CC7.zip,2022-10-31 14:15:15.190000+00:00,S1A_IW_SLC__1SDV_20221031T141515_20221031T141542_045687_0576C6_3CC7,,Sentinel-1A,4529503735,0bf3d77dc7b8190c290161e38f94c654,452,SENTINEL_1A_FRAME,45687,VV+VH,2022-10-31T14:15:15.190Z,C-SAR,S1A_IWDV_0452_0458_045687_115,003.52,S1A_IW_SLC__1SDV_20221031T141515_20221031T141542_045687_0576C6_3CC7.zip,IW,2022-10-31,10TFN
271,"POLYGON ((-120.486328 42.406952, -120.051399 44.024025, -123.195938 44.417839, -123.54538 42.800896, -120.486328 42.406952))",43.4231,-121.8156,2022-10-31T14:15:17.326Z,S1A_IW_SLC__1SDV_20221031T141450_20221031T141517_045687_0576C6_456E-SLC,DESCENDING,115,SLC,https://datapool.asf.alaska.edu/SLC/SA/S1A_IW_SLC__1SDV_20221031T141450_20221031T141517_045687_0576C6_456E.zip,2022-10-31 14:14:50.370000+00:00,S1A_IW_SLC__1SDV_20221031T141450_20221031T141517_045687_0576C6_456E,,Sentinel-1A,4544696103,5d5482d8fe3389dc3179a0f521d2cc89,447,SENTINEL_1A_FRAME,45687,VV+VH,2022-10-31T14:14:50.370Z,C-SAR,S1A_IWDV_0447_0453_045687_115,003.52,S1A_IW_SLC__1SDV_20221031T141450_20221031T141517_045687_0576C6_456E.zip,IW,2022-10-31,10TFN
276,"POLYGON ((-123.409599 44.082943, -122.974297 42.464684, -119.875366 42.862507, -120.223839 44.480587, -123.409599 44.082943))",43.4836,-121.6252,2022-10-21T02:01:50.153Z,S1A_IW_SLC__1SDV_20221021T020123_20221021T020150_045534_057186_3E20-SLC,ASCENDING,137,SLC,https://datapool.asf.alaska.edu/SLC/SA/S1A_IW_SLC__1SDV_20221021T020123_20221021T020150_045534_057186_3E20.zip,2022-10-21 02:01:23.178000+00:00,S1A_IW_SLC__1SDV_20221021T020123_20221021T020150_045534_057186_3E20,,Sentinel-1A,4536519660,3dffd748a584518e342425a2c46d1c6e,138,SENTINEL_1A_FRAME,45534,VV+VH,2022-10-21T02:01:23.178Z,C-SAR,S1A_IWDV_0137_0144_045534_137,003.52,S1A_IW_SLC__1SDV_20221021T020123_20221021T020150_045534_057186_3E20.zip,IW,2022-10-21,10TFN
277,"POLYGON ((-123.004395 42.594425, -122.566231 40.917572, -119.545662 41.315624, -119.900543 42.991898, -123.004395 42.594425))",41.9652,-121.2581,2022-10-21T02:01:25.330Z,S1A_IW_SLC__1SDV_20221021T020057_20221021T020125_045534_057186_F8B5-SLC,ASCENDING,137,SLC,https://datapool.asf.alaska.edu/SLC/SA/S1A_IW_SLC__1SDV_20221021T020057_20221021T020125_045534_057186_F8B5.zip,2022-10-21 02:00:57.397000+00:00,S1A_IW_SLC__1SDV_20221021T020057_20221021T020125_045534_057186_F8B5,,Sentinel-1A,4669057866,95ba7c0b448c4f76b40dca9ede99a4c4,133,SENTINEL_1A_FRAME,45534,VV+VH,2022-10-21T02:00:57.397Z,C-SAR,S1A_IWDV_0132_0139_045534_137,003.52,S1A_IW_SLC__1SDV_20221021T020057_20221021T020125_045534_057186_F8B5.zip,IW,2022-10-21,10TFN
282,"POLYGON ((-123.409012 44.083084, -122.97377 42.464813, -119.874969 42.862564, -120.223396 44.480659, -123.409012 44.083084))",43.4837,-121.6247,2022-10-09T02:01:50.334Z,S1A_IW_SLC__1SDV_20221009T020123_20221009T020150_045359_056C59_BED9-SLC,ASCENDING,137,SLC,https://datapool.asf.alaska.edu/SLC/SA/S1A_IW_SLC__1SDV_20221009T020123_20221009T020150_045359_056C59_BED9.zip,2022-10-09 02:01:23.359000+00:00,S1A_IW_SLC__1SDV_20221009T020123_20221009T020150_045359_056C59_BED9,,Sentinel-1A,4534647715,c5db7afc426b8d4711ed2a90146a6bed,138,SENTINEL_1A_FRAME,45359,VV+VH,2022-10-09T02:01:23.359Z,C-SAR,S1A_IWDV_0137_0144_045359_137,003.52,S1A_IW_SLC__1SDV_20221009T020123_20221009T020150_045359_056C59_BED9.zip,IW,2022-10-09,10TFN
283,"POLYGON ((-123.003899 42.594547, -122.565842 40.917931, -119.54538 41.315918, -119.900169 42.991955, -123.003899 42.594547))",41.9654,-121.2577,2022-10-09T02:01:25.512Z,S1A_IW_SLC__1SDV_20221009T020057_20221009T020125_045359_056C59_D09A-SLC,ASCENDING,137,SLC,https://datapool.asf.alaska.edu/SLC/SA/S1A_IW_SLC__1SDV_20221009T020057_20221009T020125_045359_056C59_D09A.zip,2022-10-09 02:00:57.583000+00:00,S1A_IW_SLC__1SDV_20221009T020057_20221009T020125_045359_056C59_D09A,,Sentinel-1A,4662710056,f5dc541a2bb9b113b8cad2db905732ef,133,SENTINEL_1A_FRAME,45359,VV+VH,2022-10-09T02:00:57.583Z,C-SAR,S1A_IWDV_0132_0139_045359_137,003.52,S1A_IW_SLC__1SDV_20221009T020057_20221009T020125_045359_056C59_D09A.zip,IW,2022-10-09,10TFN
284,"POLYGON ((-120.884224 40.917816, -120.461334 42.536221, -123.522873 42.929379, -123.866516 41.311489, -120.884224 40.917816))",41.9338,-122.1798,2022-10-07T14:15:42.198Z,S1A_IW_SLC__1SDV_20221007T141515_20221007T141542_045337_056BA9_32AE-SLC,DESCENDING,115,SLC,https://datapool.asf.alaska.edu/SLC/SA/S1A_IW_SLC__1SDV_20221007T141515_20221007T141542_045337_056BA9_32AE.zip,2022-10-07 14:15:15.237000+00:00,S1A_IW_SLC__1SDV_20221007T141515_20221007T141542_045337_056BA9_32AE,,Sentinel-1A,4583610308,b6fe7cd516c1879930c2bc2f02c80ac9,452,SENTINEL_1A_FRAME,45337,VV+VH,2022-10-07T14:15:15.237Z,C-SAR,S1A_IWDV_0452_0458_045337_115,003.52,S1A_IW_SLC__1SDV_20221007T141515_20221007T141542_045337_056BA9_32AE.zip,IW,2022-10-07,10TFN
285,"POLYGON ((-120.485802 42.406712, -120.050819 44.024166, -123.195328 44.417942, -123.544807 42.800621, -120.485802 42.406712))",43.423,-121.815,2022-10-07T14:15:17.373Z,S1A_IW_SLC__1SDV_20221007T141450_20221007T141517_045337_056BA9_6F7C-SLC,DESCENDING,115,SLC,https://datapool.asf.alaska.edu/SLC/SA/S1A_IW_SLC__1SDV_20221007T141450_20221007T141517_045337_056BA9_6F7C.zip,2022-10-07 14:14:50.410000+00:00,S1A_IW_SLC__1SDV_20221007T141450_20221007T141517_045337_056BA9_6F7C,,Sentinel-1A,4557836990,3f889817fbf884e8b31cbc97b398a50d,447,SENTINEL_1A_FRAME,45337,VV+VH,2022-10-07T14:14:50.410Z,C-SAR,S1A_IWDV_0447_0453_045337_115,003.52,S1A_IW_SLC__1SDV_20221007T141450_20221007T141517_045337_056BA9_6F7C.zip,IW,2022-10-07,10TFN
290,"POLYGON ((-123.408867 44.08284, -122.973618 42.464565, -119.874901 42.862316, -120.223328 44.480412, -123.408867 44.08284))",43.4834,-121.6246,2022-09-27T02:01:50.069Z,S1A_IW_SLC__1SDV_20220927T020123_20220927T020150_045184_05667F_9EB0-SLC,ASCENDING,137,SLC,https://datapool.asf.alaska.edu/SLC/SA/S1A_IW_SLC__1SDV_20220927T020123_20220927T020150_045184_05667F_9EB0.zip,2022-09-27 02:01:23.094000+00:00,S1A_IW_SLC__1SDV_20220927T020123_20220927T020150_045184_05667F_9EB0,,Sentinel-1A,4548407777,c5bd8b36d3684e40fb220bcb2d7464f9,138,SENTINEL_1A_FRAME,45184,VV+VH,2022-09-27T02:01:23.094Z,C-SAR,S1A_IWDV_0137_0144_045184_137,003.52,S1A_IW_SLC__1SDV_20220927T020123_20220927T020150_045184_05667F_9EB0.zip,IW,2022-09-27,10TFN
291,"POLYGON ((-123.0037 42.594181, -122.565582 40.917313, -119.545219 41.3153, -119.900055 42.991585, -123.0037 42.594181))",41.9649,-121.2576,2022-09-27T02:01:25.244Z,S1A_IW_SLC__1SDV_20220927T020057_20220927T020125_045184_05667F_EE0B-SLC,ASCENDING,137,SLC,https://datapool.asf.alaska.edu/SLC/SA/S1A_IW_SLC__1SDV_20220927T020057_20220927T020125_045184_05667F_EE0B.zip,2022-09-27 02:00:57.311000+00:00,S1A_IW_SLC__1SDV_20220927T020057_20220927T020125_045184_05667F_EE0B,,Sentinel-1A,4672151002,9cceb2766a2e0810bf45e3b41a2a3cab,133,SENTINEL_1A_FRAME,45184,VV+VH,2022-09-27T02:00:57.311Z,C-SAR,S1A_IWDV_0132_0139_045184_137,003.52,S1A_IW_SLC__1SDV_20220927T020057_20220927T020125_045184_05667F_EE0B.zip,IW,2022-09-27,10TFN
292,"POLYGON ((-120.883469 40.918423, -120.460556 42.536953, -123.522141 42.930096, -123.865791 41.31208, -120.883469 40.918423))",41.9344,-122.1791,2022-09-25T14:15:41.773Z,S1A_IW_SLC__1SDV_20220925T141514_20220925T141541_045162_0565D0_27EE-SLC,DESCENDING,115,SLC,https://datapool.asf.alaska.edu/SLC/SA/S1A_IW_SLC__1SDV_20220925T141514_20220925T141541_045162_0565D0_27EE.zip,2022-09-25 14:15:14.810000+00:00,S1A_IW_SLC__1SDV_20220925T141514_20220925T141541_045162_0565D0_27EE,,Sentinel-1A,4579966126,eedbc5f210fe939c57aa41142ba17a72,452,SENTINEL_1A_FRAME,45162,VV+VH,2022-09-25T14:15:14.810Z,C-SAR,S1A_IWDV_0452_0458_045162_115,003.52,S1A_IW_SLC__1SDV_20220925T141514_20220925T141541_045162_0565D0_27EE.zip,IW,2022-09-25,10TFN
293,"POLYGON ((-120.485039 42.407318, -120.05011 44.024654, -123.194656 44.418411, -123.54409 42.801212, -120.485039 42.407318))",43.4235,-121.8143,2022-09-25T14:15:16.948Z,S1A_IW_SLC__1SDV_20220925T141449_20220925T141516_045162_0565D0_0408-SLC,DESCENDING,115,SLC,https://datapool.asf.alaska.edu/SLC/SA/S1A_IW_SLC__1SDV_20220925T141449_20220925T141516_045162_0565D0_0408.zip,2022-09-25 14:14:49.987000+00:00,S1A_IW_SLC__1SDV_20220925T141449_20220925T141516_045162_0565D0_0408,,Sentinel-1A,4560989531,bb588263bd6b95cdcdee22938af24b92,447,SENTINEL_1A_FRAME,45162,VV+VH,2022-09-25T14:14:49.987Z,C-SAR,S1A_IWDV_0447_0453_045162_115,003.52,S1A_IW_SLC__1SDV_20220925T141449_20220925T141516_045162_0565D0_0408.zip,IW,2022-09-25,10TFN
298,"POLYGON ((-123.41037 44.082539, -122.975182 42.464504, -119.876671 42.862247, -120.225067 44.480106, -123.41037 44.082539))",43.4833,-121.6262,2022-09-15T02:01:50.011Z,S1A_IW_SLC__1SDV_20220915T020123_20220915T020150_045009_05609A_0ADE-SLC,ASCENDING,137,SLC,https://datapool.asf.alaska.edu/SLC/SA/S1A_IW_SLC__1SDV_20220915T020123_20220915T020150_045009_05609A_0ADE.zip,2022-09-15 02:01:23.040000+00:00,S1A_IW_SLC__1SDV_20220915T020123_20220915T020150_045009_05609A_0ADE,,Sentinel-1A,4539287232,02dddb858867eb37e725248f89da9327,138,SENTINEL_1A_FRAME,45009,VV+VH,2022-09-15T02:01:23.040Z,C-SAR,S1A_IWDV_0138_0143_045009_137,003.52,S1A_IW_SLC__1SDV_20220915T020123_20220915T020150_045009_05609A_0ADE.zip,IW,2022-09-15,10TFN
299,"POLYGON ((-123.005219 42.594124, -122.567123 40.91737, -119.546967 41.315346, -119.901802 42.99152, -123.005219 42.594124))",41.9649,-121.2592,2022-09-15T02:01:25.191Z,S1A_IW_SLC__1SDV_20220915T020057_20220915T020125_045009_05609A_4AB3-SLC,ASCENDING,137,SLC,https://datapool.asf.alaska.edu/SLC/SA/S1A_IW_SLC__1SDV_20220915T020057_20220915T020125_045009_05609A_4AB3.zip,2022-09-15 02:00:57.260000+00:00,S1A_IW_SLC__1SDV_20220915T020057_20220915T020125_045009_05609A_4AB3,,Sentinel-1A,4680624878,e505cb77d5ac46a2d2074d5f6ba07cbf,133,SENTINEL_1A_FRAME,45009,VV+VH,2022-09-15T02:00:57.260Z,C-SAR,S1A_IWDV_0133_0138_045009_137,003.52,S1A_IW_SLC__1SDV_20220915T020057_20220915T020125_045009_05609A_4AB3.zip,IW,2022-09-15,10TFN
300,"POLYGON ((-120.886223 40.918785, -120.463318 42.537323, -123.52475 42.930443, -123.868401 41.31242, -120.886223 40.918785))",41.9348,-122.1817,2022-09-13T14:15:42.003Z,S1A_IW_SLC__1SDV_20220913T141515_20220913T141542_044987_055FE7_11AC-SLC,DESCENDING,115,SLC,https://datapool.asf.alaska.edu/SLC/SA/S1A_IW_SLC__1SDV_20220913T141515_20220913T141542_044987_055FE7_11AC.zip,2022-09-13 14:15:15.041000+00:00,S1A_IW_SLC__1SDV_20220913T141515_20220913T141542_044987_055FE7_11AC,,Sentinel-1A,4587597051,77fb4b4308dc38b4f9c4aaa51b3e1aac,452,SENTINEL_1A_FRAME,44987,VV+VH,2022-09-13T14:15:15.041Z,C-SAR,S1A_IWDV_0452_0458_044987_115,003.52,S1A_IW_SLC__1SDV_20220913T141515_20220913T141542_044987_055FE7_11AC.zip,IW,2022-09-13,10TFN
301,"POLYGON ((-120.487793 42.407684, -120.052933 44.02478, -123.197319 44.418518, -123.5467 42.801559, -120.487793 42.407684))",43.4238,-121.817,2022-09-13T14:15:17.178Z,S1A_IW_SLC__1SDV_20220913T141450_20220913T141517_044987_055FE7_DB67-SLC,DESCENDING,115,SLC,https://datapool.asf.alaska.edu/SLC/SA/S1A_IW_SLC__1SDV_20220913T141450_20220913T141517_044987_055FE7_DB67.zip,2022-09-13 14:14:50.222000+00:00,S1A_IW_SLC__1SDV_20220913T141450_20220913T141517_044987_055FE7_DB67,,Sentinel-1A,4571535524,2614e5c0010daeb5637984f237029d8e,447,SENTINEL_1A_FRAME,44987,VV+VH,2022-09-13T14:14:50.222Z,C-SAR,S1A_IWDV_0447_0453_044987_115,003.52,S1A_IW_SLC__1SDV_20220913T141450_20220913T141517_044987_055FE7_DB67.zip,IW,2022-09-13,10TFN
306,"POLYGON ((-123.412132 44.082062, -122.976921 42.464027, -119.878387 42.861816, -120.226807 44.479671, -123.412132 44.082062))",43.4828,-121.6279,2022-09-03T02:01:49.770Z,S1A_IW_SLC__1SDV_20220903T020122_20220903T020149_044834_055AB9_DB5C-SLC,ASCENDING,137,SLC,https://datapool.asf.alaska.edu/SLC/SA/S1A_IW_SLC__1SDV_20220903T020122_20220903T020149_044834_055AB9_DB5C.zip,2022-09-03 02:01:22.799000+00:00,S1A_IW_SLC__1SDV_20220903T020122_20220903T020149_044834_055AB9_DB5C,,Sentinel-1A,4575533394,0804422f427247714abac4021cdd4589,138,SENTINEL_1A_FRAME,44834,VV+VH,2022-09-03T02:01:22.799Z,C-SAR,S1A_IWDV_0137_0144_044834_137,003.52,S1A_IW_SLC__1SDV_20220903T020122_20220903T020149_044834_055AB9_DB5C.zip,IW,2022-09-03,10TFN
307,"POLYGON ((-123.006882 42.593662, -122.568832 40.917156, -119.548668 41.31517, -119.903473 42.991093, -123.006882 42.593662))",41.9646,-121.2609,2022-09-03T02:01:24.949Z,S1A_IW_SLC__1SDV_20220903T020057_20220903T020124_044834_055AB9_7B81-SLC,ASCENDING,137,SLC,https://datapool.asf.alaska.edu/SLC/SA/S1A_IW_SLC__1SDV_20220903T020057_20220903T020124_044834_055AB9_7B81.zip,2022-09-03 02:00:57.022000+00:00,S1A_IW_SLC__1SDV_20220903T020057_20220903T020124_044834_055AB9_7B81,,Sentinel-1A,4709773441,d611c90e9609dd9a4279923a096546b4,133,SENTINEL_1A_FRAME,44834,VV+VH,2022-09-03T02:00:57.022Z,C-SAR,S1A_IWDV_0132_0139_044834_137,003.52,S1A_IW_SLC__1SDV_20220903T020057_20220903T020124_044834_055AB9_7B81.zip,IW,2022-09-03,10TFN
308,"POLYGON ((-120.886597 40.917892, -120.463646 42.536564, -123.524895 42.929695, -123.868599 41.311543, -120.886597 40.917892))",41.934,-122.182,2022-09-01T14:15:41.562Z,S1A_IW_SLC__1SDV_20220901T141514_20220901T141541_044812_055A08_7EF7-SLC,DESCENDING,115,SLC,https://datapool.asf.alaska.edu/SLC/SA/S1A_IW_SLC__1SDV_20220901T141514_20220901T141541_044812_055A08_7EF7.zip,2022-09-01 14:15:14.597000+00:00,S1A_IW_SLC__1SDV_20220901T141514_20220901T141541_044812_055A08_7EF7,,Sentinel-1A,4613484654,5fd56b3e7c03fee88364b166348bf62e,452,SENTINEL_1A_FRAME,44812,VV+VH,2022-09-01T14:15:14.597Z,C-SAR,S1A_IWDV_0452_0458_044812_115,003.52,S1A_IW_SLC__1SDV_20220901T141514_20220901T141541_044812_055A08_7EF7.zip,IW,2022-09-01,10TFN
309,"POLYGON ((-120.488136 42.406925, -120.053154 44.024399, -123.197365 44.418148, -123.546852 42.800812, -120.488136 42.406925))",43.4232,-121.8172,2022-09-01T14:15:16.735Z,S1A_IW_SLC__1SDV_20220901T141449_20220901T141516_044812_055A08_3E2B-SLC,DESCENDING,115,SLC,https://datapool.asf.alaska.edu/SLC/SA/S1A_IW_SLC__1SDV_20220901T141449_20220901T141516_044812_055A08_3E2B.zip,2022-09-01 14:14:49.773000+00:00,S1A_IW_SLC__1SDV_20220901T141449_20220901T141516_044812_055A08_3E2B,,Sentinel-1A,4582366859,db813fc16c6c62a4af3030382ecc7cd3,447,SENTINEL_1A_FRAME,44812,VV+VH,2022-09-01T14:14:49.773Z,C-SAR,S1A_IWDV_0447_0453_044812_115,003.52,S1A_IW_SLC__1SDV_20220901T141449_20220901T141516_044812_055A08_3E2B.zip,IW,2022-09-01,10TFN
314,"POLYGON ((-123.409401 44.082176, -122.974213 42.464008, -119.875793 42.861717, -120.224182 44.479706, -123.409401 44.082176))",43.4828,-121.6253,2022-08-22T02:01:48.961Z,S1A_IW_SLC__1SDV_20220822T020121_20220822T020148_044659_0554D1_0207-SLC,ASCENDING,137,SLC,https://datapool.asf.alaska.edu/SLC/SA/S1A_IW_SLC__1SDV_20220822T020121_20220822T020148_044659_0554D1_0207.zip,2022-08-22 02:01:21.988000+00:00,S1A_IW_SLC__1SDV_20220822T020121_20220822T020148_044659_0554D1_0207,,Sentinel-1A,4580249256,6f9209db57f0ff336d6389547bbf9264,138,SENTINEL_1A_FRAME,44659,VV+VH,2022-08-22T02:01:21.988Z,C-SAR,S1A_IWDV_0137_0144_044659_137,003.52,S1A_IW_SLC__1SDV_20220822T020121_20220822T020148_044659_0554D1_0207.zip,IW,2022-08-22,10TFN
315,"POLYGON ((-123.004257 42.593758, -122.5662 40.916992, -119.546127 41.314938, -119.90094 42.991116, -123.004257 42.593758))",41.9645,-121.2583,2022-08-22T02:01:24.140Z,S1A_IW_SLC__1SDV_20220822T020056_20220822T020124_044659_0554D1_B460-SLC,ASCENDING,137,SLC,https://datapool.asf.alaska.edu/SLC/SA/S1A_IW_SLC__1SDV_20220822T020056_20220822T020124_044659_0554D1_B460.zip,2022-08-22 02:00:56.209000+00:00,S1A_IW_SLC__1SDV_20220822T020056_20220822T020124_044659_0554D1_B460,,Sentinel-1A,4708958925,2dc44008ced403968da407df349c9aba,133,SENTINEL_1A_FRAME,44659,VV+VH,2022-08-22T02:00:56.209Z,C-SAR,S1A_IWDV_0132_0139_044659_137,003.52,S1A_IW_SLC__1SDV_20220822T020056_20220822T020124_044659_0554D1_B460.zip,IW,2022-08-22,10TFN
316,"POLYGON ((-120.885895 40.918022, -120.462967 42.53669, -123.5243 42.929813, -123.867981 41.311661, -120.885895 40.918022))",41.9341,-122.1814,2022-08-20T14:15:40.879Z,S1A_IW_SLC__1SDV_20220820T141513_20220820T141540_044637_055421_0430-SLC,DESCENDING,115,SLC,https://datapool.asf.alaska.edu/SLC/SA/S1A_IW_SLC__1SDV_20220820T141513_20220820T141540_044637_055421_0430.zip,2022-08-20 14:15:13.914000+00:00,S1A_IW_SLC__1SDV_20220820T141513_20220820T141540_044637_055421_0430,,Sentinel-1A,4613549408,5974a4375a69dfe7a7ea5cc21d38a0f0,452,SENTINEL_1A_FRAME,44637,VV+VH,2022-08-20T14:15:13.914Z,C-SAR,S1A_IWDV_0452_0458_044637_115,003.52,S1A_IW_SLC__1SDV_20220820T141513_20220820T141540_044637_055421_0430.zip,IW,2022-08-20,10TFN
317,"POLYGON ((-120.487442 42.407051, -120.052483 44.024521, -123.196785 44.418262, -123.546249 42.80093, -120.487442 42.407051))",43.4233,-121.8165,2022-08-20T14:15:16.052Z,S1A_IW_SLC__1SDV_20220820T141449_20220820T141516_044637_055421_C846-SLC,DESCENDING,115,SLC,https://datapool.asf.alaska.edu/SLC/SA/S1A_IW_SLC__1SDV_20220820T141449_20220820T141516_044637_055421_C846.zip,2022-08-20 14:14:49.089000+00:00,S1A_IW_SLC__1SDV_20220820T141449_20220820T141516_044637_055421_C846,,Sentinel-1A,4596077815,56152b2eb01f757ddda1b537d3f6ec65,447,SENTINEL_1A_FRAME,44637,VV+VH,2022-08-20T14:14:49.089Z,C-SAR,S1A_IWDV_0447_0453_044637_115,003.52,S1A_IW_SLC__1SDV_20220820T141449_20220820T141516_044637_055421_C846.zip,IW,2022-08-20,10TFN
322,"POLYGON ((-123.409729 44.082523, -122.974564 42.464485, -119.875992 42.862228, -120.224365 44.480083, -123.409729 44.082523))",43.4832,-121.6255,2022-08-10T02:01:48.345Z,S1A_IW_SLC__1SDV_20220810T020121_20220810T020148_044484_054EF0_E619-SLC,ASCENDING,137,SLC,https://datapool.asf.alaska.edu/SLC/SA/S1A_IW_SLC__1SDV_20220810T020121_20220810T020148_044484_054EF0_E619.zip,2022-08-10 02:01:21.374000+00:00,S1A_IW_SLC__1SDV_20220810T020121_20220810T020148_044484_054EF0_E619,,Sentinel-1A,4670771776,6182edbe4f8103db69c37ff0de896187,138,SENTINEL_1A_FRAME,44484,VV+VH,2022-08-10T02:01:21.374Z,C-SAR,S1A_IWDV_0137_0144_044484_137,003.52,S1A_IW_SLC__1SDV_20220810T020121_20220810T020148_044484_054EF0_E619.zip,IW,2022-08-10,10TFN
323,"POLYGON ((-123.004608 42.594109, -122.566566 40.917477, -119.546341 41.315453, -119.901131 42.991501, -123.004608 42.594109))",41.965,-121.2586,2022-08-10T02:01:23.524Z,S1A_IW_SLC__1SDV_20220810T020055_20220810T020123_044484_054EF0_0A5A-SLC,ASCENDING,137,SLC,https://datapool.asf.alaska.edu/SLC/SA/S1A_IW_SLC__1SDV_20220810T020055_20220810T020123_044484_054EF0_0A5A.zip,2022-08-10 02:00:55.596000+00:00,S1A_IW_SLC__1SDV_20220810T020055_20220810T020123_044484_054EF0_0A5A,,Sentinel-1A,4732276143,098ebb282cc9dcfbb88e040040445297,133,SENTINEL_1A_FRAME,44484,VV+VH,2022-08-10T02:00:55.596Z,C-SAR,S1A_IWDV_0133_0138_044484_137,003.52,S1A_IW_SLC__1SDV_20220810T020055_20220810T020123_044484_054EF0_0A5A.zip,IW,2022-08-10,10TFN
324,"POLYGON ((-120.885849 40.91853, -120.462952 42.536953, -123.524193 42.930077, -123.867844 41.312168, -120.885849 40.91853))",41.9345,-122.1813,2022-08-08T14:15:40.248Z,S1A_IW_SLC__1SDV_20220808T141513_20220808T141540_044462_054E42_0ECD-SLC,DESCENDING,115,SLC,https://datapool.asf.alaska.edu/SLC/SA/S1A_IW_SLC__1SDV_20220808T141513_20220808T141540_044462_054E42_0ECD.zip,2022-08-08 14:15:13.287000+00:00,S1A_IW_SLC__1SDV_20220808T141513_20220808T141540_044462_054E42_0ECD,,Sentinel-1A,4621968584,9eb38e61df1717a965a07eaab21e99b3,452,SENTINEL_1A_FRAME,44462,VV+VH,2022-08-08T14:15:13.287Z,C-SAR,S1A_IWDV_0452_0458_044462_115,003.52,S1A_IW_SLC__1SDV_20220808T141513_20220808T141540_044462_054E42_0ECD.zip,IW,2022-08-08,10TFN
325,"POLYGON ((-120.48745 42.407318, -120.052567 44.024422, -123.196739 44.418163, -123.54615 42.801193, -120.48745 42.407318))",43.4234,-121.8165,2022-08-08T14:15:15.425Z,S1A_IW_SLC__1SDV_20220808T141448_20220808T141515_044462_054E42_A0B6-SLC,DESCENDING,115,SLC,https://datapool.asf.alaska.edu/SLC/SA/S1A_IW_SLC__1SDV_20220808T141448_20220808T141515_044462_054E42_A0B6.zip,2022-08-08 14:14:48.468000+00:00,S1A_IW_SLC__1SDV_20220808T141448_20220808T141515_044462_054E42_A0B6,,Sentinel-1A,4611074588,859be8dda4582cb7a04b082b1822a75e,447,SENTINEL_1A_FRAME,44462,VV+VH,2022-08-08T14:14:48.468Z,C-SAR,S1A_IWDV_0447_0453_044462_115,003.52,S1A_IW_SLC__1SDV_20220808T141448_20220808T141515_044462_054E42_A0B6.zip,IW,2022-08-08,10TFN
330,"POLYGON ((-123.408066 44.082878, -122.972786 42.464214, -119.874306 42.861889, -120.222763 44.480373, -123.408066 44.082878))",43.4832,-121.6239,2022-07-29T02:01:47.529Z,S1A_IW_SLC__1SDV_20220729T020120_20220729T020147_044309_0549BF_CF2A-SLC,ASCENDING,137,SLC,https://datapool.asf.alaska.edu/SLC/SA/S1A_IW_SLC__1SDV_20220729T020120_20220729T020147_044309_0549BF_CF2A.zip,2022-07-29 02:01:20.548000+00:00,S1A_IW_SLC__1SDV_20220729T020120_20220729T020147_044309_0549BF_CF2A,,Sentinel-1A,4605310783,9f2272d44d0cf72edf258afbe0f2dbae,138,SENTINEL_1A_FRAME,44309,VV+VH,2022-07-29T02:01:20.548Z,C-SAR,S1A_IWDV_0137_0144_044309_137,003.52,S1A_IW_SLC__1SDV_20220729T020120_20220729T020147_044309_0549BF_CF2A.zip,IW,2022-07-29,10TFN
331,"POLYGON ((-123.002884 42.593956, -122.564835 40.917068, -119.544685 41.314983, -119.899475 42.991287, -123.002884 42.593956))",41.9647,-121.2569,2022-07-29T02:01:22.700Z,S1A_IW_SLC__1SDV_20220729T020054_20220729T020122_044309_0549BF_3472-SLC,ASCENDING,137,SLC,https://datapool.asf.alaska.edu/SLC/SA/S1A_IW_SLC__1SDV_20220729T020054_20220729T020122_044309_0549BF_3472.zip,2022-07-29 02:00:54.767000+00:00,S1A_IW_SLC__1SDV_20220729T020054_20220729T020122_044309_0549BF_3472,,Sentinel-1A,4729314407,a9a05f16c1a6fb587bf838ce1385b09c,133,SENTINEL_1A_FRAME,44309,VV+VH,2022-07-29T02:00:54.767Z,C-SAR,S1A_IWDV_0132_0139_044309_137,003.52,S1A_IW_SLC__1SDV_20220729T020054_20220729T020122_044309_0549BF_3472.zip,IW,2022-07-29,10TFN
332,"POLYGON ((-120.885193 40.918327, -120.462265 42.536999, -123.523514 42.930096, -123.867188 41.311939, -120.885193 40.918327))",41.9344,-122.1806,2022-07-27T14:15:39.342Z,S1A_IW_SLC__1SDV_20220727T141512_20220727T141539_044287_054929_FB9B-SLC,DESCENDING,115,SLC,https://datapool.asf.alaska.edu/SLC/SA/S1A_IW_SLC__1SDV_20220727T141512_20220727T141539_044287_054929_FB9B.zip,2022-07-27 14:15:12.377000+00:00,S1A_IW_SLC__1SDV_20220727T141512_20220727T141539_044287_054929_FB9B,,Sentinel-1A,4649960005,72734bd23553961b76b27129d3a3af27,452,SENTINEL_1A_FRAME,44287,VV+VH,2022-07-27T14:15:12.377Z,C-SAR,S1A_IWDV_0452_0458_044287_115,003.52,S1A_IW_SLC__1SDV_20220727T141512_20220727T141539_044287_054929_FB9B.zip,IW,2022-07-27,10TFN
333,"POLYGON ((-120.486702 42.407486, -120.051811 44.024715, -123.196022 44.41843, -123.545433 42.801334, -120.486702 42.407486))",43.4236,-121.8158,2022-07-27T14:15:14.513Z,S1A_IW_SLC__1SDV_20220727T141447_20220727T141514_044287_054929_60F7-SLC,DESCENDING,115,SLC,https://datapool.asf.alaska.edu/SLC/SA/S1A_IW_SLC__1SDV_20220727T141447_20220727T141514_044287_054929_60F7.zip,2022-07-27 14:14:47.554000+00:00,S1A_IW_SLC__1SDV_20220727T141447_20220727T141514_044287_054929_60F7,,Sentinel-1A,4631426676,1d7a21bdba0f12a5e38a739ebaaa971c,447,SENTINEL_1A_FRAME,44287,VV+VH,2022-07-27T14:14:47.554Z,C-SAR,S1A_IWDV_0447_0453_044287_115,003.52,S1A_IW_SLC__1SDV_20220727T141447_20220727T141514_044287_054929_60F7.zip,IW,2022-07-27,10TFN
338,"POLYGON ((-123.40947 44.082523, -122.974236 42.464237, -119.87574 42.861969, -120.224167 44.480076, -123.40947 44.082523))",43.4831,-121.6253,2022-07-17T02:01:46.873Z,S1A_IW_SLC__1SDV_20220717T020119_20220717T020146_044134_054494_6E20-SLC,ASCENDING,137,SLC,https://datapool.asf.alaska.edu/SLC/SA/S1A_IW_SLC__1SDV_20220717T020119_20220717T020146_044134_054494_6E20.zip,2022-07-17 02:01:19.898000+00:00,S1A_IW_SLC__1SDV_20220717T020119_20220717T020146_044134_054494_6E20,,Sentinel-1A,4589101551,881bd9b3139fd51bb5e18e0d73fc542d,138,SENTINEL_1A_FRAME,44134,VV+VH,2022-07-17T02:01:19.898Z,C-SAR,S1A_IWDV_0137_0144_044134_137,003.52,S1A_IW_SLC__1SDV_20220717T020119_20220717T020146_044134_054494_6E20.zip,IW,2022-07-17,10TFN
339,"POLYGON ((-123.004303 42.593983, -122.566231 40.917225, -119.546082 41.315189, -119.900894 42.991364, -123.004303 42.593983))",41.9648,-121.2583,2022-07-17T02:01:22.050Z,S1A_IW_SLC__1SDV_20220717T020054_20220717T020122_044134_054494_7440-SLC,ASCENDING,137,SLC,https://datapool.asf.alaska.edu/SLC/SA/S1A_IW_SLC__1SDV_20220717T020054_20220717T020122_044134_054494_7440.zip,2022-07-17 02:00:54.119000+00:00,S1A_IW_SLC__1SDV_20220717T020054_20220717T020122_044134_054494_7440,,Sentinel-1A,4726799432,60e327ed8cfb99e967b38017eae3d30f,133,SENTINEL_1A_FRAME,44134,VV+VH,2022-07-17T02:00:54.119Z,C-SAR,S1A_IWDV_0132_0139_044134_137,003.52,S1A_IW_SLC__1SDV_20220717T020054_20220717T020122_044134_054494_7440.zip,IW,2022-07-17,10TFN
340,"POLYGON ((-120.885582 40.91798, -120.4627 42.536526, -123.524048 42.929626, -123.867676 41.311596, -120.885582 40.91798))",41.934,-122.1811,2022-07-15T14:15:38.643Z,S1A_IW_SLC__1SDV_20220715T141511_20220715T141538_044112_0543F0_F3F4-SLC,DESCENDING,115,SLC,https://datapool.asf.alaska.edu/SLC/SA/S1A_IW_SLC__1SDV_20220715T141511_20220715T141538_044112_0543F0_F3F4.zip,2022-07-15 14:15:11.681000+00:00,S1A_IW_SLC__1SDV_20220715T141511_20220715T141538_044112_0543F0_F3F4,,Sentinel-1A,4628012421,bab5966a6a791287ca025271e77469d2,452,SENTINEL_1A_FRAME,44112,VV+VH,2022-07-15T14:15:11.681Z,C-SAR,S1A_IWDV_0452_0458_044112_115,003.52,S1A_IW_SLC__1SDV_20220715T141511_20220715T141538_044112_0543F0_F3F4.zip,IW,2022-07-15,10TFN
341,"POLYGON ((-120.487144 42.407013, -120.052177 44.024609, -123.196503 44.418324, -123.545967 42.800865, -120.487144 42.407013))",43.4233,-121.8162,2022-07-15T14:15:13.816Z,S1A_IW_SLC__1SDV_20220715T141446_20220715T141513_044112_0543F0_1092-SLC,DESCENDING,115,SLC,https://datapool.asf.alaska.edu/SLC/SA/S1A_IW_SLC__1SDV_20220715T141446_20220715T141513_044112_0543F0_1092.zip,2022-07-15 14:14:46.852000+00:00,S1A_IW_SLC__1SDV_20220715T141446_20220715T141513_044112_0543F0_1092,,Sentinel-1A,4614653819,92b99e0ef6ef6f5c6c83da4d67adfdb9,447,SENTINEL_1A_FRAME,44112,VV+VH,2022-07-15T14:14:46.852Z,C-SAR,S1A_IWDV_0447_0453_044112_115,003.52,S1A_IW_SLC__1SDV_20220715T141446_20220715T141513_044112_0543F0_1092.zip,IW,2022-07-15,10TFN
346,"POLYGON ((-123.410049 44.08252, -122.974846 42.464363, -119.876221 42.862125, -120.224632 44.480103, -123.410049 44.08252))",43.4832,-121.6258,2022-07-05T02:01:46.078Z,S1A_IW_SLC__1SDV_20220705T020119_20220705T020146_043959_053F58_5DCF-SLC,ASCENDING,137,SLC,https://datapool.asf.alaska.edu/SLC/SA/S1A_IW_SLC__1SDV_20220705T020119_20220705T020146_043959_053F58_5DCF.zip,2022-07-05 02:01:19.105000+00:00,S1A_IW_SLC__1SDV_20220705T020119_20220705T020146_043959_053F58_5DCF,,Sentinel-1A,4583891914,5d06ee2fb608a94c55da38383f85cbfe,138,SENTINEL_1A_FRAME,43959,VV+VH,2022-07-05T02:01:19.105Z,C-SAR,S1A_IWDV_0137_0144_043959_137,003.52,S1A_IW_SLC__1SDV_20220705T020119_20220705T020146_043959_053F58_5DCF.zip,IW,2022-07-05,10TFN
347,"POLYGON ((-123.004883 42.593983, -122.566742 40.916985, -119.546478 41.314983, -119.90136 42.991398, -123.004883 42.593983))",41.9647,-121.2588,2022-07-05T02:01:21.255Z,S1A_IW_SLC__1SDV_20220705T020053_20220705T020121_043959_053F58_1825-SLC,ASCENDING,137,SLC,https://datapool.asf.alaska.edu/SLC/SA/S1A_IW_SLC__1SDV_20220705T020053_20220705T020121_043959_053F58_1825.zip,2022-07-05 02:00:53.320000+00:00,S1A_IW_SLC__1SDV_20220705T020053_20220705T020121_043959_053F58_1825,,Sentinel-1A,4713818628,333729d9972efb01d19df9da47d77d31,133,SENTINEL_1A_FRAME,43959,VV+VH,2022-07-05T02:00:53.320Z,C-SAR,S1A_IWDV_0132_0139_043959_137,003.52,S1A_IW_SLC__1SDV_20220705T020053_20220705T020121_043959_053F58_1825.zip,IW,2022-07-05,10TFN
348,"POLYGON ((-120.886086 40.918377, -120.463219 42.536808, -123.524399 42.92989, -123.868019 41.311977, -120.886086 40.918377))",41.9343,-122.1815,2022-07-03T14:15:37.945Z,S1A_IW_SLC__1SDV_20220703T141510_20220703T141537_043937_053EB3_F82D-SLC,DESCENDING,115,SLC,https://datapool.asf.alaska.edu/SLC/SA/S1A_IW_SLC__1SDV_20220703T141510_20220703T141537_043937_053EB3_F82D.zip,2022-07-03 14:15:10.984000+00:00,S1A_IW_SLC__1SDV_20220703T141510_20220703T141537_043937_053EB3_F82D,,Sentinel-1A,4654513536,c525c2b71e5b5bf3a611ee3fca5926e1,452,SENTINEL_1A_FRAME,43937,VV+VH,2022-07-03T14:15:10.984Z,C-SAR,S1A_IWDV_0452_0458_043937_115,003.52,S1A_IW_SLC__1SDV_20220703T141510_20220703T141537_043937_053EB3_F82D.zip,IW,2022-07-03,10TFN
349,"POLYGON ((-120.487663 42.407295, -120.05275 44.024654, -123.196892 44.41835, -123.546318 42.801128, -120.487663 42.407295))",43.4235,-121.8167,2022-07-03T14:15:13.120Z,S1A_IW_SLC__1SDV_20220703T141446_20220703T141513_043937_053EB3_4E49-SLC,DESCENDING,115,SLC,https://datapool.asf.alaska.edu/SLC/SA/S1A_IW_SLC__1SDV_20220703T141446_20220703T141513_043937_053EB3_4E49.zip,2022-07-03 14:14:46.159000+00:00,S1A_IW_SLC__1SDV_20220703T141446_20220703T141513_043937_053EB3_4E49,,Sentinel-1A,4657565252,3a67a258b78bb2e38c17b5139f275397,447,SENTINEL_1A_FRAME,43937,VV+VH,2022-07-03T14:14:46.159Z,C-SAR,S1A_IWDV_0447_0453_043937_115,003.52,S1A_IW_SLC__1SDV_20220703T141446_20220703T141513_043937_053EB3_4E49.zip,IW,2022-07-03,10TFN
354,"POLYGON ((-123.410133 44.083313, -122.974892 42.465031, -119.87632 42.862774, -120.224762 44.480881, -123.410133 44.083313))",43.4839,-121.6259,2022-06-23T02:01:45.439Z,S1A_IW_SLC__1SDV_20220623T020118_20220623T020145_043784_053A26_4237-SLC,ASCENDING,137,SLC,https://datapool.asf.alaska.edu/SLC/SA/S1A_IW_SLC__1SDV_20220623T020118_20220623T020145_043784_053A26_4237.zip,2022-06-23 02:01:18.464000+00:00,S1A_IW_SLC__1SDV_20220623T020118_20220623T020145_043784_053A26_4237,,Sentinel-1A,4626052928,c233f4d10045a52eecb2631fd46057ae,138,SENTINEL_1A_FRAME,43784,VV+VH,2022-06-23T02:01:18.464Z,C-SAR,S1A_IWDV_0137_0144_043784_137,003.52,S1A_IW_SLC__1SDV_20220623T020118_20220623T020145_043784_053A26_4237.zip,IW,2022-06-23,10TFN
355,"POLYGON ((-123.005005 42.594769, -122.566948 40.91814, -119.546707 41.31612, -119.901505 42.992168, -123.005005 42.594769))",41.9656,-121.259,2022-06-23T02:01:20.616Z,S1A_IW_SLC__1SDV_20220623T020052_20220623T020120_043784_053A26_9A2F-SLC,ASCENDING,137,SLC,https://datapool.asf.alaska.edu/SLC/SA/S1A_IW_SLC__1SDV_20220623T020052_20220623T020120_043784_053A26_9A2F.zip,2022-06-23 02:00:52.687000+00:00,S1A_IW_SLC__1SDV_20220623T020052_20220623T020120_043784_053A26_9A2F,,Sentinel-1A,4745492188,48d3e178f6e22c06d6a3a307fccb2880,133,SENTINEL_1A_FRAME,43784,VV+VH,2022-06-23T02:00:52.687Z,C-SAR,S1A_IWDV_0132_0139_043784_137,003.52,S1A_IW_SLC__1SDV_20220623T020052_20220623T020120_043784_053A26_9A2F.zip,IW,2022-06-23,10TFN
356,"POLYGON ((-120.885452 40.917599, -120.462502 42.536266, -123.523773 42.929401, -123.86747 41.311253, -120.885452 40.917599))",41.9337,-122.1809,2022-06-21T14:15:37.285Z,S1A_IW_SLC__1SDV_20220621T141510_20220621T141537_043762_053984_274B-SLC,DESCENDING,115,SLC,https://datapool.asf.alaska.edu/SLC/SA/S1A_IW_SLC__1SDV_20220621T141510_20220621T141537_043762_053984_274B.zip,2022-06-21 14:15:10.320000+00:00,S1A_IW_SLC__1SDV_20220621T141510_20220621T141537_043762_053984_274B,,Sentinel-1A,4616918623,6d571339621d12fae91f0814b7c5c452,452,SENTINEL_1A_FRAME,43762,VV+VH,2022-06-21T14:15:10.320Z,C-SAR,S1A_IWDV_0452_0458_043762_115,003.52,S1A_IW_SLC__1SDV_20220621T141510_20220621T141537_043762_053984_274B.zip,IW,2022-06-21,10TFN
357,"POLYGON ((-120.486977 42.406757, -120.052071 44.023983, -123.196281 44.417732, -123.545715 42.800644, -120.486977 42.406757))",43.4229,-121.8161,2022-06-21T14:15:12.456Z,S1A_IW_SLC__1SDV_20220621T141445_20220621T141512_043762_053984_9506-SLC,DESCENDING,115,SLC,https://datapool.asf.alaska.edu/SLC/SA/S1A_IW_SLC__1SDV_20220621T141445_20220621T141512_043762_053984_9506.zip,2022-06-21 14:14:45.497000+00:00,S1A_IW_SLC__1SDV_20220621T141445_20220621T141512_043762_053984_9506,,Sentinel-1A,4618988178,521363da6e4cbb5ad9b308dc7b33e258,447,SENTINEL_1A_FRAME,43762,VV+VH,2022-06-21T14:14:45.497Z,C-SAR,S1A_IWDV_0448_0453_043762_115,003.52,S1A_IW_SLC__1SDV_20220621T141445_20220621T141512_043762_053984_9506.zip,IW,2022-06-21,10TFN
362,"POLYGON ((-123.410561 44.083462, -122.97525 42.464931, -119.876724 42.862659, -120.225212 44.481014, -123.410561 44.083462))",43.4839,-121.6263,2022-06-11T02:01:44.759Z,S1A_IW_SLC__1SDV_20220611T020117_20220611T020144_043609_0534E5_47E1-SLC,ASCENDING,137,SLC,https://datapool.asf.alaska.edu/SLC/SA/S1A_IW_SLC__1SDV_20220611T020117_20220611T020144_043609_0534E5_47E1.zip,2022-06-11 02:01:17.780000+00:00,S1A_IW_SLC__1SDV_20220611T020117_20220611T020144_043609_0534E5_47E1,,Sentinel-1A,4618311915,1dcb8b6bc30ac5f4757d5aa8ec547a79,138,SENTINEL_1A_FRAME,43609,VV+VH,2022-06-11T02:01:17.780Z,C-SAR,S1A_IWDV_0137_0144_043609_137,003.52,S1A_IW_SLC__1SDV_20220611T020117_20220611T020144_043609_0534E5_47E1.zip,IW,2022-06-11,10TFN
363,"POLYGON ((-123.005325 42.594547, -122.567238 40.917789, -119.54702 41.315762, -119.90184 42.991936, -123.005325 42.594547))",41.9654,-121.2593,2022-06-11T02:01:19.930Z,S1A_IW_SLC__1SDV_20220611T020051_20220611T020119_043609_0534E5_551C-SLC,ASCENDING,137,SLC,https://datapool.asf.alaska.edu/SLC/SA/S1A_IW_SLC__1SDV_20220611T020051_20220611T020119_043609_0534E5_551C.zip,2022-06-11 02:00:51.999000+00:00,S1A_IW_SLC__1SDV_20220611T020051_20220611T020119_043609_0534E5_551C,,Sentinel-1A,4721759501,fc6402ad827df80abcdd6e3c243f52f5,133,SENTINEL_1A_FRAME,43609,VV+VH,2022-06-11T02:00:51.999Z,C-SAR,S1A_IWDV_0132_0139_043609_137,003.52,S1A_IW_SLC__1SDV_20220611T020051_20220611T020119_043609_0534E5_551C.zip,IW,2022-06-11,10TFN
364,"POLYGON ((-120.885841 40.917484, -120.462944 42.5359, -123.524284 42.929058, -123.867935 41.311157, -120.885841 40.917484))",41.9335,-122.1813,2022-06-09T14:15:36.597Z,S1A_IW_SLC__1SDV_20220609T141509_20220609T141536_043587_053442_D285-SLC,DESCENDING,115,SLC,https://datapool.asf.alaska.edu/SLC/SA/S1A_IW_SLC__1SDV_20220609T141509_20220609T141536_043587_053442_D285.zip,2022-06-09 14:15:09.636000+00:00,S1A_IW_SLC__1SDV_20220609T141509_20220609T141536_043587_053442_D285,,Sentinel-1A,4624343901,29351eda51c63173f1b531cdb22bdbc3,452,SENTINEL_1A_FRAME,43587,VV+VH,2022-06-09T14:15:09.636Z,C-SAR,S1A_IWDV_0452_0458_043587_115,003.52,S1A_IW_SLC__1SDV_20220609T141509_20220609T141536_043587_053442_D285.zip,IW,2022-06-09,10TFN
365,"POLYGON ((-120.487473 42.406273, -120.05249 44.023735, -123.196732 44.417503, -123.546227 42.800171, -120.487473 42.406273))",43.4226,-121.8165,2022-06-09T14:15:11.774Z,S1A_IW_SLC__1SDV_20220609T141444_20220609T141511_043587_053442_F58F-SLC,DESCENDING,115,SLC,https://datapool.asf.alaska.edu/SLC/SA/S1A_IW_SLC__1SDV_20220609T141444_20220609T141511_043587_053442_F58F.zip,2022-06-09 14:14:44.811000+00:00,S1A_IW_SLC__1SDV_20220609T141444_20220609T141511_043587_053442_F58F,,Sentinel-1A,4630234511,be7990dc44e7423a5416e7eedff58d29,447,SENTINEL_1A_FRAME,43587,VV+VH,2022-06-09T14:14:44.811Z,C-SAR,S1A_IWDV_0447_0453_043587_115,003.52,S1A_IW_SLC__1SDV_20220609T141444_20220609T141511_043587_053442_F58F.zip,IW,2022-06-09,10TFN
370,"POLYGON ((-123.409851 44.082672, -122.974678 42.464634, -119.876053 42.862377, -120.224426 44.480232, -123.409851 44.082672))",43.4834,-121.6256,2022-05-30T02:01:43.798Z,S1A_IW_SLC__1SDV_20220530T020116_20220530T020143_043434_052FB9_8CA8-SLC,ASCENDING,137,SLC,https://datapool.asf.alaska.edu/SLC/SA/S1A_IW_SLC__1SDV_20220530T020116_20220530T020143_043434_052FB9_8CA8.zip,2022-05-30 02:01:16.827000+00:00,S1A_IW_SLC__1SDV_20220530T020116_20220530T020143_043434_052FB9_8CA8,,Sentinel-1A,4578429586,14f1a144b7ceb29c4d5d9a15460c059d,138,SENTINEL_1A_FRAME,43434,VV+VH,2022-05-30T02:01:16.827Z,C-SAR,S1A_IWDV_0137_0144_043434_137,003.52,S1A_IW_SLC__1SDV_20220530T020116_20220530T020143_043434_052FB9_8CA8.zip,IW,2022-05-30,10TFN
371,"POLYGON ((-123.004738 42.594254, -122.566628 40.917377, -119.546356 41.315353, -119.901199 42.99165, -123.004738 42.594254))",41.965,-121.2587,2022-05-30T02:01:18.977Z,S1A_IW_SLC__1SDV_20220530T020051_20220530T020118_043434_052FB9_3A29-SLC,ASCENDING,137,SLC,https://datapool.asf.alaska.edu/SLC/SA/S1A_IW_SLC__1SDV_20220530T020051_20220530T020118_043434_052FB9_3A29.zip,2022-05-30 02:00:51.044000+00:00,S1A_IW_SLC__1SDV_20220530T020051_20220530T020118_043434_052FB9_3A29,,Sentinel-1A,4697704248,2d39f21bda98cc743a0ced6392572a73,133,SENTINEL_1A_FRAME,43434,VV+VH,2022-05-30T02:00:51.044Z,C-SAR,S1A_IWDV_0132_0139_043434_137,003.52,S1A_IW_SLC__1SDV_20220530T020051_20220530T020118_043434_052FB9_3A29.zip,IW,2022-05-30,10TFN
376,"POLYGON ((-123.407646 44.082726, -122.97242 42.464432, -119.873985 42.862148, -120.222412 44.480259, -123.407646 44.082726))",43.4833,-121.6235,2022-05-18T02:01:42.566Z,S1A_IW_SLC__1SDV_20220518T020115_20220518T020142_043259_052A8D_3C3E-SLC,ASCENDING,137,SLC,https://datapool.asf.alaska.edu/SLC/SA/S1A_IW_SLC__1SDV_20220518T020115_20220518T020142_043259_052A8D_3C3E.zip,2022-05-18 02:01:15.591000+00:00,S1A_IW_SLC__1SDV_20220518T020115_20220518T020142_043259_052A8D_3C3E,,Sentinel-1A,4563969289,6b466ec87c632e8add9a5454ebd895c4,138,SENTINEL_1A_FRAME,43259,VV+VH,2022-05-18T02:01:15.591Z,C-SAR,S1A_IWDV_0137_0144_043259_137,003.52,S1A_IW_SLC__1SDV_20220518T020115_20220518T020142_043259_052A8D_3C3E.zip,IW,2022-05-18,10TFN
377,"POLYGON ((-123.002502 42.594048, -122.564468 40.917408, -119.544365 41.315361, -119.899147 42.991417, -123.002502 42.594048))",41.9649,-121.2565,2022-05-18T02:01:17.741Z,S1A_IW_SLC__1SDV_20220518T020049_20220518T020117_043259_052A8D_D0C9-SLC,ASCENDING,137,SLC,https://datapool.asf.alaska.edu/SLC/SA/S1A_IW_SLC__1SDV_20220518T020049_20220518T020117_043259_052A8D_D0C9.zip,2022-05-18 02:00:49.812000+00:00,S1A_IW_SLC__1SDV_20220518T020049_20220518T020117_043259_052A8D_D0C9,,Sentinel-1A,4702008215,fddfcdcdf5973c34ca1f898cc8c1f854,133,SENTINEL_1A_FRAME,43259,VV+VH,2022-05-18T02:00:49.812Z,C-SAR,S1A_IWDV_0132_0139_043259_137,003.52,S1A_IW_SLC__1SDV_20220518T020049_20220518T020117_043259_052A8D_D0C9.zip,IW,2022-05-18,10TFN
378,"POLYGON ((-120.88559 40.918381, -120.462708 42.53693, -123.52401 42.930027, -123.867653 41.311996, -120.88559 40.918381))",41.9344,-122.1811,2022-05-16T14:15:34.699Z,S1A_IW_SLC__1SDV_20220516T141507_20220516T141534_043237_0529E9_1B6E-SLC,DESCENDING,115,SLC,https://datapool.asf.alaska.edu/SLC/SA/S1A_IW_SLC__1SDV_20220516T141507_20220516T141534_043237_0529E9_1B6E.zip,2022-05-16 14:15:07.736000+00:00,S1A_IW_SLC__1SDV_20220516T141507_20220516T141534_043237_0529E9_1B6E,,Sentinel-1A,4596617871,84330b2b9db48c4d317394b6cf3788df,452,SENTINEL_1A_FRAME,43237,VV+VH,2022-05-16T14:15:07.736Z,C-SAR,S1A_IWDV_0452_0458_043237_115,003.52,S1A_IW_SLC__1SDV_20220516T141507_20220516T141534_043237_0529E9_1B6E.zip,IW,2022-05-16,10TFN
379,"POLYGON ((-120.487152 42.407417, -120.052284 44.024643, -123.196541 44.418358, -123.545937 42.801266, -120.487152 42.407417))",43.4236,-121.8163,2022-05-16T14:15:09.872Z,S1A_IW_SLC__1SDV_20220516T141442_20220516T141509_043237_0529E9_B29A-SLC,DESCENDING,115,SLC,https://datapool.asf.alaska.edu/SLC/SA/S1A_IW_SLC__1SDV_20220516T141442_20220516T141509_043237_0529E9_B29A.zip,2022-05-16 14:14:42.913000+00:00,S1A_IW_SLC__1SDV_20220516T141442_20220516T141509_043237_0529E9_B29A,,Sentinel-1A,4593678524,af00415b80d678d60613f69e0808a775,447,SENTINEL_1A_FRAME,43237,VV+VH,2022-05-16T14:14:42.913Z,C-SAR,S1A_IWDV_0447_0453_043237_115,003.52,S1A_IW_SLC__1SDV_20220516T141442_20220516T141509_043237_0529E9_B29A.zip,IW,2022-05-16,10TFN
384,"POLYGON ((-123.408119 44.082253, -122.972824 42.463844, -119.874352 42.861607, -120.222839 44.479836, -123.408119 44.082253))",43.4828,-121.6239,2022-05-06T02:01:41.756Z,S1A_IW_SLC__1SDV_20220506T020114_20220506T020141_043084_052511_9C40-SLC,ASCENDING,137,SLC,https://datapool.asf.alaska.edu/SLC/SA/S1A_IW_SLC__1SDV_20220506T020114_20220506T020141_043084_052511_9C40.zip,2022-05-06 02:01:14.779000+00:00,S1A_IW_SLC__1SDV_20220506T020114_20220506T020141_043084_052511_9C40,,Sentinel-1A,4619538377,93e2c09d15e9f76237d747c2d09d07f9,138,SENTINEL_1A_FRAME,43084,VV+VH,2022-05-06T02:01:14.779Z,C-SAR,S1A_IWDV_0137_0144_043084_137,003.51,S1A_IW_SLC__1SDV_20220506T020114_20220506T020141_043084_052511_9C40.zip,IW,2022-05-06,10TFN
385,"POLYGON ((-123.002884 42.593464, -122.564781 40.91671, -119.544647 41.314705, -119.899498 42.990879, -123.002884 42.593464))",41.9643,-121.2569,2022-05-06T02:01:16.929Z,S1A_IW_SLC__1SDV_20220506T020048_20220506T020116_043084_052511_46AC-SLC,ASCENDING,137,SLC,https://datapool.asf.alaska.edu/SLC/SA/S1A_IW_SLC__1SDV_20220506T020048_20220506T020116_043084_052511_46AC.zip,2022-05-06 02:00:48.999000+00:00,S1A_IW_SLC__1SDV_20220506T020048_20220506T020116_043084_052511_46AC,,Sentinel-1A,4742671738,d3708d019a4b36f60e1ab2beeceaeee5,133,SENTINEL_1A_FRAME,43084,VV+VH,2022-05-06T02:00:48.999Z,C-SAR,S1A_IWDV_0132_0139_043084_137,003.51,S1A_IW_SLC__1SDV_20220506T020048_20220506T020116_043084_052511_46AC.zip,IW,2022-05-06,10TFN
386,"POLYGON ((-120.883186 40.91864, -120.460205 42.537437, -123.521408 42.930542, -123.865128 41.312263, -120.883186 40.91864))",41.9348,-122.1785,2022-05-04T14:15:33.496Z,S1A_IW_SLC__1SDV_20220504T141506_20220504T141533_043062_05246D_F166-SLC,DESCENDING,115,SLC,https://datapool.asf.alaska.edu/SLC/SA/S1A_IW_SLC__1SDV_20220504T141506_20220504T141533_043062_05246D_F166.zip,2022-05-04 14:15:06.529000+00:00,S1A_IW_SLC__1SDV_20220504T141506_20220504T141533_043062_05246D_F166,,Sentinel-1A,4451787743,13f0a300af613b5c505e8f07ffce8b2f,452,SENTINEL_1A_FRAME,43062,VV+VH,2022-05-04T14:15:06.529Z,C-SAR,S1A_IWDV_0452_0458_043062_115,003.51,S1A_IW_SLC__1SDV_20220504T141506_20220504T141533_043062_05246D_F166.zip,IW,2022-05-04,10TFN
387,"POLYGON ((-120.484665 42.407795, -120.049721 44.025146, -123.193893 44.418873, -123.543343 42.801655, -120.484665 42.407795))",43.424,-121.8137,2022-05-04T14:15:08.667Z,S1A_IW_SLC__1SDV_20220504T141441_20220504T141508_043062_05246D_6CAC-SLC,DESCENDING,115,SLC,https://datapool.asf.alaska.edu/SLC/SA/S1A_IW_SLC__1SDV_20220504T141441_20220504T141508_043062_05246D_6CAC.zip,2022-05-04 14:14:41.706000+00:00,S1A_IW_SLC__1SDV_20220504T141441_20220504T141508_043062_05246D_6CAC,,Sentinel-1A,4433501390,c5e9947277a3cc9e20f4fa9bcbf884af,447,SENTINEL_1A_FRAME,43062,VV+VH,2022-05-04T14:14:41.706Z,C-SAR,S1A_IWDV_0447_0453_043062_115,003.51,S1A_IW_SLC__1SDV_20220504T141441_20220504T141508_043062_05246D_6CAC.zip,IW,2022-05-04,10TFN
392,"POLYGON ((-123.410309 44.081963, -122.975075 42.463802, -119.876602 42.861572, -120.225037 44.479553, -123.410309 44.081963))",43.4826,-121.6261,2022-04-24T02:01:41.643Z,S1A_IW_SLC__1SDV_20220424T020114_20220424T020141_042909_051F4A_72F3-SLC,ASCENDING,137,SLC,https://datapool.asf.alaska.edu/SLC/SA/S1A_IW_SLC__1SDV_20220424T020114_20220424T020141_042909_051F4A_72F3.zip,2022-04-24 02:01:14.670000+00:00,S1A_IW_SLC__1SDV_20220424T020114_20220424T020141_042909_051F4A_72F3,,Sentinel-1A,4404779994,eacc7cd3826a5dd45fac65cb50fcc879,138,SENTINEL_1A_FRAME,42909,VV+VH,2022-04-24T02:01:14.670Z,C-SAR,S1A_IWDV_0137_0144_042909_137,003.51,S1A_IW_SLC__1SDV_20220424T020114_20220424T020141_042909_051F4A_72F3.zip,IW,2022-04-24,10TFN
393,"POLYGON ((-123.005104 42.59343, -122.567039 40.916798, -119.546906 41.314796, -119.901733 42.990845, -123.005104 42.59343))",41.9643,-121.2591,2022-04-24T02:01:16.820Z,S1A_IW_SLC__1SDV_20220424T020048_20220424T020116_042909_051F4A_0278-SLC,ASCENDING,137,SLC,https://datapool.asf.alaska.edu/SLC/SA/S1A_IW_SLC__1SDV_20220424T020048_20220424T020116_042909_051F4A_0278.zip,2022-04-24 02:00:48.891000+00:00,S1A_IW_SLC__1SDV_20220424T020048_20220424T020116_042909_051F4A_0278,,Sentinel-1A,4573720803,0169bd14bb77a0d2751ddb251f4f939e,133,SENTINEL_1A_FRAME,42909,VV+VH,2022-04-24T02:00:48.891Z,C-SAR,S1A_IWDV_0132_0139_042909_137,003.51,S1A_IW_SLC__1SDV_20220424T020048_20220424T020116_042909_051F4A_0278.zip,IW,2022-04-24,10TFN
394,"POLYGON ((-120.884727 40.918491, -120.461784 42.537033, -123.523109 42.930191, -123.866798 41.312164, -120.884727 40.918491))",41.9345,-122.1802,2022-04-22T14:15:33.443Z,S1A_IW_SLC__1SDV_20220422T141506_20220422T141533_042887_051EA4_0377-SLC,DESCENDING,115,SLC,https://datapool.asf.alaska.edu/SLC/SA/S1A_IW_SLC__1SDV_20220422T141506_20220422T141533_042887_051EA4_0377.zip,2022-04-22 14:15:06.481000+00:00,S1A_IW_SLC__1SDV_20220422T141506_20220422T141533_042887_051EA4_0377,,Sentinel-1A,4461801791,6c1ac4d5717fb8bc83bda222788a9684,452,SENTINEL_1A_FRAME,42887,VV+VH,2022-04-22T14:15:06.481Z,C-SAR,S1A_IWDV_0452_0458_042887_115,003.51,S1A_IW_SLC__1SDV_20220422T141506_20220422T141533_042887_051EA4_0377.zip,IW,2022-04-22,10TFN
395,"POLYGON ((-120.486229 42.40752, -120.051331 44.02462, -123.195602 44.418392, -123.545029 42.80143, -120.486229 42.40752))",43.4236,-121.8153,2022-04-22T14:15:08.616Z,S1A_IW_SLC__1SDV_20220422T141441_20220422T141508_042887_051EA4_5258-SLC,DESCENDING,115,SLC,https://datapool.asf.alaska.edu/SLC/SA/S1A_IW_SLC__1SDV_20220422T141441_20220422T141508_042887_051EA4_5258.zip,2022-04-22 14:14:41.660000+00:00,S1A_IW_SLC__1SDV_20220422T141441_20220422T141508_042887_051EA4_5258,,Sentinel-1A,4398326674,9a6453923b9ff4e950f7d119da5b1bf6,447,SENTINEL_1A_FRAME,42887,VV+VH,2022-04-22T14:14:41.660Z,C-SAR,S1A_IWDV_0447_0453_042887_115,003.51,S1A_IW_SLC__1SDV_20220422T141441_20220422T141508_042887_051EA4_5258.zip,IW,2022-04-22,10TFN
400,"POLYGON ((-123.409012 44.082165, -122.973824 42.464008, -119.875221 42.861752, -120.223618 44.479733, -123.409012 44.082165))",43.4828,-121.6248,2022-04-12T02:01:40.834Z,S1A_IW_SLC__1SDV_20220412T020113_20220412T020140_042734_05197C_AF55-SLC,ASCENDING,137,SLC,https://datapool.asf.alaska.edu/SLC/SA/S1A_IW_SLC__1SDV_20220412T020113_20220412T020140_042734_05197C_AF55.zip,2022-04-12 02:01:13.861000+00:00,S1A_IW_SLC__1SDV_20220412T020113_20220412T020140_042734_05197C_AF55,,Sentinel-1A,4336082472,144b0c00ee68bae47009b7c08c6d5a73,138,SENTINEL_1A_FRAME,42734,VV+VH,2022-04-12T02:01:13.861Z,C-SAR,S1A_IWDV_0137_0144_042734_137,003.51,S1A_IW_SLC__1SDV_20220412T020113_20220412T020140_042734_05197C_AF55.zip,IW,2022-04-12,10TFN
401,"POLYGON ((-123.00386 42.593628, -122.565804 40.916878, -119.545547 41.314857, -119.900352 42.991024, -123.00386 42.593628))",41.9644,-121.2578,2022-04-12T02:01:16.011Z,S1A_IW_SLC__1SDV_20220412T020048_20220412T020116_042734_05197C_AAC8-SLC,ASCENDING,137,SLC,https://datapool.asf.alaska.edu/SLC/SA/S1A_IW_SLC__1SDV_20220412T020048_20220412T020116_042734_05197C_AAC8.zip,2022-04-12 02:00:48.080000+00:00,S1A_IW_SLC__1SDV_20220412T020048_20220412T020116_042734_05197C_AAC8,,Sentinel-1A,4502255360,3f339795e5b2ea2223917b4c19f5540e,133,SENTINEL_1A_FRAME,42734,VV+VH,2022-04-12T02:00:48.080Z,C-SAR,S1A_IWDV_0132_0139_042734_137,003.51,S1A_IW_SLC__1SDV_20220412T020048_20220412T020116_042734_05197C_AAC8.zip,IW,2022-04-12,10TFN
402,"POLYGON ((-120.885208 40.918415, -120.462326 42.536846, -123.52346 42.929939, -123.867104 41.312027, -120.885208 40.918415))",41.9344,-122.1806,2022-04-10T14:15:32.787Z,S1A_IW_SLC__1SDV_20220410T141505_20220410T141532_042712_0518CE_3D91-SLC,DESCENDING,115,SLC,https://datapool.asf.alaska.edu/SLC/SA/S1A_IW_SLC__1SDV_20220410T141505_20220410T141532_042712_0518CE_3D91.zip,2022-04-10 14:15:05.826000+00:00,S1A_IW_SLC__1SDV_20220410T141505_20220410T141532_042712_0518CE_3D91,,Sentinel-1A,4373769797,a7c185bc66980040393d6936e067defa,452,SENTINEL_1A_FRAME,42712,VV+VH,2022-04-10T14:15:05.826Z,C-SAR,S1A_IWDV_0452_0458_042712_115,003.51,S1A_IW_SLC__1SDV_20220410T141505_20220410T141532_042712_0518CE_3D91.zip,IW,2022-04-10,10TFN
403,"POLYGON ((-120.486824 42.407211, -120.051956 44.024323, -123.19603 44.41803, -123.545425 42.801056, -120.486824 42.407211))",43.4233,-121.8159,2022-04-10T14:15:07.964Z,S1A_IW_SLC__1SDV_20220410T141441_20220410T141507_042712_0518CE_A590-SLC,DESCENDING,115,SLC,https://datapool.asf.alaska.edu/SLC/SA/S1A_IW_SLC__1SDV_20220410T141441_20220410T141507_042712_0518CE_A590.zip,2022-04-10 14:14:41.008000+00:00,S1A_IW_SLC__1SDV_20220410T141441_20220410T141507_042712_0518CE_A590,,Sentinel-1A,4366624969,e20e146e5b4b35242523e3b0c29818da,447,SENTINEL_1A_FRAME,42712,VV+VH,2022-04-10T14:14:41.008Z,C-SAR,S1A_IWDV_0447_0453_042712_115,003.51,S1A_IW_SLC__1SDV_20220410T141441_20220410T141507_042712_0518CE_A590.zip,IW,2022-04-10,10TFN
408,"POLYGON ((-123.341347 43.808109, -122.980537 42.463394, -119.930527 42.855747, -120.220833 44.200333, -123.341347 43.808109))",43.3423,-121.6232,2022-03-31T02:01:35.931Z,S1A_IW_SLC__1SDV_20220331T020113_20220331T020135_042559_05139B_BCF0-SLC,ASCENDING,137,SLC,https://datapool.asf.alaska.edu/SLC/SA/S1A_IW_SLC__1SDV_20220331T020113_20220331T020135_042559_05139B_BCF0.zip,2022-03-31 02:01:13.518000+00:00,S1A_IW_SLC__1SDV_20220331T020113_20220331T020135_042559_05139B_BCF0,,Sentinel-1A,3511885668,3c0cd610e6366d20646d6fe3a8592d82,138,SENTINEL_1A_FRAME,42559,VV+VH,2022-03-31T02:01:13.518Z,C-SAR,S1A_IWDV_0137_0142_042559_137,003.51,S1A_IW_SLC__1SDV_20220331T020113_20220331T020135_042559_05139B_BCF0.zip,IW,2022-03-31,10TFN
409,"POLYGON ((-123.003952 42.593311, -122.566132 40.917431, -119.595886 41.309486, -119.951874 42.984837, -123.003952 42.593311))",41.9613,-121.2832,2022-03-31T02:01:15.658Z,S1A_IW_SLC__1SDV_20220331T020047_20220331T020115_042559_05139B_8A73-SLC,ASCENDING,137,SLC,https://datapool.asf.alaska.edu/SLC/SA/S1A_IW_SLC__1SDV_20220331T020047_20220331T020115_042559_05139B_8A73.zip,2022-03-31 02:00:47.741000+00:00,S1A_IW_SLC__1SDV_20220331T020047_20220331T020115_042559_05139B_8A73,,Sentinel-1A,4470062478,d1531c71cc66db8e41cda5ff442de134,133,SENTINEL_1A_FRAME,42559,VV+VH,2022-03-31T02:00:47.741Z,C-SAR,S1A_IWDV_0132_0139_042559_137,003.51,S1A_IW_SLC__1SDV_20220331T020047_20220331T020115_042559_05139B_8A73.zip,IW,2022-03-31,10TFN
410,"POLYGON ((-120.886391 40.918224, -120.463493 42.536781, -123.524628 42.929844, -123.868271 41.311806, -120.886391 40.918224))",41.9342,-122.1818,2022-03-29T14:15:32.536Z,S1A_IW_SLC__1SDV_20220329T141505_20220329T141532_042537_0512EB_EE63-SLC,DESCENDING,115,SLC,https://datapool.asf.alaska.edu/SLC/SA/S1A_IW_SLC__1SDV_20220329T141505_20220329T141532_042537_0512EB_EE63.zip,2022-03-29 14:15:05.573000+00:00,S1A_IW_SLC__1SDV_20220329T141505_20220329T141532_042537_0512EB_EE63,,Sentinel-1A,4431949374,a9589fa902dbac857aa6ab2305b2c484,452,SENTINEL_1A_FRAME,42537,VV+VH,2022-03-29T14:15:05.573Z,C-SAR,S1A_IWDV_0452_0458_042537_115,003.51,S1A_IW_SLC__1SDV_20220329T141505_20220329T141532_042537_0512EB_EE63.zip,IW,2022-03-29,10TFN
411,"POLYGON ((-120.487961 42.407269, -120.053078 44.024502, -123.197159 44.418182, -123.546562 42.801083, -120.487961 42.407269))",43.4234,-121.817,2022-03-29T14:15:07.709Z,S1A_IW_SLC__1SDV_20220329T141440_20220329T141507_042537_0512EB_88D1-SLC,DESCENDING,115,SLC,https://datapool.asf.alaska.edu/SLC/SA/S1A_IW_SLC__1SDV_20220329T141440_20220329T141507_042537_0512EB_88D1.zip,2022-03-29 14:14:40.750000+00:00,S1A_IW_SLC__1SDV_20220329T141440_20220329T141507_042537_0512EB_88D1,,Sentinel-1A,4417260459,80f64fcffd54f01a759affb4d1079d6a,447,SENTINEL_1A_FRAME,42537,VV+VH,2022-03-29T14:14:40.750Z,C-SAR,S1A_IWDV_0448_0453_042537_115,003.51,S1A_IW_SLC__1SDV_20220329T141440_20220329T141507_042537_0512EB_88D1.zip,IW,2022-03-29,10TFN
416,"POLYGON ((-123.342613 43.808147, -122.981743 42.463318, -119.931633 42.855709, -120.221985 44.200409, -123.342613 43.808147))",43.3423,-121.6244,2022-03-19T02:01:35.793Z,S1A_IW_SLC__1SDV_20220319T020113_20220319T020135_042384_050DA5_C965-SLC,ASCENDING,137,SLC,https://datapool.asf.alaska.edu/SLC/SA/S1A_IW_SLC__1SDV_20220319T020113_20220319T020135_042384_050DA5_C965.zip,2022-03-19 02:01:13.377000+00:00,S1A_IW_SLC__1SDV_20220319T020113_20220319T020135_042384_050DA5_C965,,Sentinel-1A,3536901905,6e9f74218d115dadadd1ff2a4ab73e99,138,SENTINEL_1A_FRAME,42384,VV+VH,2022-03-19T02:01:13.377Z,C-SAR,S1A_IWDV_0137_0142_042384_137,003.40,S1A_IW_SLC__1SDV_20220319T020113_20220319T020135_042384_050DA5_C965.zip,IW,2022-03-19,10TFN
417,"POLYGON ((-123.005165 42.593239, -122.567245 40.917118, -119.596947 41.309204, -119.953011 42.984791, -123.005165 42.593239))",41.9611,-121.2843,2022-03-19T02:01:15.517Z,S1A_IW_SLC__1SDV_20220319T020047_20220319T020115_042384_050DA5_C36B-SLC,ASCENDING,137,SLC,https://datapool.asf.alaska.edu/SLC/SA/S1A_IW_SLC__1SDV_20220319T020047_20220319T020115_042384_050DA5_C36B.zip,2022-03-19 02:00:47.596000+00:00,S1A_IW_SLC__1SDV_20220319T020047_20220319T020115_042384_050DA5_C36B,,Sentinel-1A,4493225384,6f408256d3e744a79cdbda4fd933f588,133,SENTINEL_1A_FRAME,42384,VV+VH,2022-03-19T02:00:47.596Z,C-SAR,S1A_IWDV_0132_0139_042384_137,003.40,S1A_IW_SLC__1SDV_20220319T020047_20220319T020115_042384_050DA5_C36B.zip,IW,2022-03-19,10TFN
418,"POLYGON ((-120.885544 40.918472, -120.462669 42.536892, -123.524025 42.929989, -123.867645 41.312084, -120.885544 40.918472))",41.9344,-122.181,2022-03-17T14:15:32.121Z,S1A_IW_SLC__1SDV_20220317T141505_20220317T141532_042362_050CF7_9500-SLC,DESCENDING,115,SLC,https://datapool.asf.alaska.edu/SLC/SA/S1A_IW_SLC__1SDV_20220317T141505_20220317T141532_042362_050CF7_9500.zip,2022-03-17 14:15:05.160000+00:00,S1A_IW_SLC__1SDV_20220317T141505_20220317T141532_042362_050CF7_9500,,Sentinel-1A,4421407337,8e76c3f215d7313bdafeba29f9de413e,452,SENTINEL_1A_FRAME,42362,VV+VH,2022-03-17T14:15:05.160Z,C-SAR,S1A_IWDV_0452_0458_042362_115,003.40,S1A_IW_SLC__1SDV_20220317T141505_20220317T141532_042362_050CF7_9500.zip,IW,2022-03-17,10TFN
419,"POLYGON ((-120.487167 42.407257, -120.052277 44.024483, -123.196587 44.418194, -123.545982 42.801105, -120.487167 42.407257))",43.4234,-121.8163,2022-03-17T14:15:07.298Z,S1A_IW_SLC__1SDV_20220317T141440_20220317T141507_042362_050CF7_B743-SLC,DESCENDING,115,SLC,https://datapool.asf.alaska.edu/SLC/SA/S1A_IW_SLC__1SDV_20220317T141440_20220317T141507_042362_050CF7_B743.zip,2022-03-17 14:14:40.340000+00:00,S1A_IW_SLC__1SDV_20220317T141440_20220317T141507_042362_050CF7_B743,,Sentinel-1A,4401428545,886f7fb84c22ab029d63ded94d87e0d7,447,SENTINEL_1A_FRAME,42362,VV+VH,2022-03-17T14:14:40.340Z,C-SAR,S1A_IWDV_0447_0453_042362_115,003.40,S1A_IW_SLC__1SDV_20220317T141440_20220317T141507_042362_050CF7_B743.zip,IW,2022-03-17,10TFN
424,"POLYGON ((-123.343544 43.808731, -122.98262 42.463905, -119.932434 42.856358, -120.222832 44.20105, -123.343544 43.808731))",43.3429,-121.6253,2022-03-07T02:01:35.663Z,S1A_IW_SLC__1SDV_20220307T020113_20220307T020135_042209_0507B6_EA05-SLC,ASCENDING,137,SLC,https://datapool.asf.alaska.edu/SLC/SA/S1A_IW_SLC__1SDV_20220307T020113_20220307T020135_042209_0507B6_EA05.zip,2022-03-07 02:01:13.248000+00:00,S1A_IW_SLC__1SDV_20220307T020113_20220307T020135_042209_0507B6_EA05,,Sentinel-1A,3526453716,27dab5ced99f5b2d01f278a95780f28a,138,SENTINEL_1A_FRAME,42209,VV+VH,2022-03-07T02:01:13.248Z,C-SAR,S1A_IWDV_0137_0142_042209_137,003.40,S1A_IW_SLC__1SDV_20220307T020113_20220307T020135_042209_0507B6_EA05.zip,IW,2022-03-07,10TFN
425,"POLYGON ((-123.006004 42.59383, -122.568062 40.917847, -119.597672 41.309986, -119.953758 42.985443, -123.006004 42.59383))",41.9618,-121.2851,2022-03-07T02:01:15.387Z,S1A_IW_SLC__1SDV_20220307T020047_20220307T020115_042209_0507B6_155C-SLC,ASCENDING,137,SLC,https://datapool.asf.alaska.edu/SLC/SA/S1A_IW_SLC__1SDV_20220307T020047_20220307T020115_042209_0507B6_155C.zip,2022-03-07 02:00:47.469000+00:00,S1A_IW_SLC__1SDV_20220307T020047_20220307T020115_042209_0507B6_155C,,Sentinel-1A,4503814771,7d663915f2b810972476361729c29329,133,SENTINEL_1A_FRAME,42209,VV+VH,2022-03-07T02:00:47.469Z,C-SAR,S1A_IWDV_0132_0139_042209_137,003.40,S1A_IW_SLC__1SDV_20220307T020047_20220307T020115_042209_0507B6_155C.zip,IW,2022-03-07,10TFN
426,"POLYGON ((-120.830658 41.08223, -120.406174 42.70052, -123.474632 43.093811, -123.819237 41.475975, -120.830658 41.08223))",42.0982,-122.1287,2022-03-05T14:15:29.335Z,S1A_IW_SLC__1SDV_20220305T141502_20220305T141529_042187_050709_AE2F-SLC,DESCENDING,115,SLC,https://datapool.asf.alaska.edu/SLC/SA/S1A_IW_SLC__1SDV_20220305T141502_20220305T141529_042187_050709_AE2F.zip,2022-03-05 14:15:02.375000+00:00,S1A_IW_SLC__1SDV_20220305T141502_20220305T141529_042187_050709_AE2F,,Sentinel-1A,4398012724,68944908cf8b5a74db9301220bd63cdb,452,SENTINEL_1A_FRAME,42187,VV+VH,2022-03-05T14:15:02.375Z,C-SAR,S1A_IWDV_0451_0458_042187_115,003.40,S1A_IW_SLC__1SDV_20220305T141502_20220305T141529_042187_050709_AE2F.zip,IW,2022-03-05,10TFN
427,"POLYGON ((-120.435295 42.571793, -119.983223 44.245449, -123.136459 44.639072, -123.499268 42.965481, -120.435295 42.571793))",43.6162,-121.7595,2022-03-05T14:15:04.508Z,S1A_IW_SLC__1SDV_20220305T141436_20220305T141504_042187_050709_4F86-SLC,DESCENDING,115,SLC,https://datapool.asf.alaska.edu/SLC/SA/S1A_IW_SLC__1SDV_20220305T141436_20220305T141504_042187_050709_4F86.zip,2022-03-05 14:14:36.606000+00:00,S1A_IW_SLC__1SDV_20220305T141436_20220305T141504_042187_050709_4F86,,Sentinel-1A,4531986031,a3ae3bbf2372daff22a01c5cfa48ce51,447,SENTINEL_1A_FRAME,42187,VV+VH,2022-03-05T14:14:36.606Z,C-SAR,S1A_IWDV_0446_0453_042187_115,003.40,S1A_IW_SLC__1SDV_20220305T141436_20220305T141504_042187_050709_4F86.zip,IW,2022-03-05,10TFN
430,"POLYGON ((-123.343971 43.80835, -122.983124 42.463898, -119.932953 42.856361, -120.223289 44.200684, -123.343971 43.80835))",43.3427,-121.6258,2022-02-23T02:01:35.867Z,S1A_IW_SLC__1SDV_20220223T020113_20220223T020135_042034_0501C7_2E3F-SLC,ASCENDING,137,SLC,https://datapool.asf.alaska.edu/SLC/SA/S1A_IW_SLC__1SDV_20220223T020113_20220223T020135_042034_0501C7_2E3F.zip,2022-02-23 02:01:13.457000+00:00,S1A_IW_SLC__1SDV_20220223T020113_20220223T020135_042034_0501C7_2E3F,,Sentinel-1A,3464252076,448e36c199fe3c3261575ac950f69ed0,138,SENTINEL_1A_FRAME,42034,VV+VH,2022-02-23T02:01:13.457Z,C-SAR,S1A_IWDV_0137_0142_042034_137,003.40,S1A_IW_SLC__1SDV_20220223T020113_20220223T020135_042034_0501C7_2E3F.zip,IW,2022-02-23,10TFN
431,"POLYGON ((-123.006523 42.593822, -122.56852 40.917717, -119.598145 41.309868, -119.954285 42.985447, -123.006523 42.593822))",41.9617,-121.2856,2022-02-23T02:01:15.597Z,S1A_IW_SLC__1SDV_20220223T020047_20220223T020115_042034_0501C7_1B07-SLC,ASCENDING,137,SLC,https://datapool.asf.alaska.edu/SLC/SA/S1A_IW_SLC__1SDV_20220223T020047_20220223T020115_042034_0501C7_1B07.zip,2022-02-23 02:00:47.676000+00:00,S1A_IW_SLC__1SDV_20220223T020047_20220223T020115_042034_0501C7_1B07,,Sentinel-1A,4430358065,91196182e40767f0b94b3851b20ce3a0,133,SENTINEL_1A_FRAME,42034,VV+VH,2022-02-23T02:00:47.676Z,C-SAR,S1A_IWDV_0132_0139_042034_137,003.40,S1A_IW_SLC__1SDV_20220223T020047_20220223T020115_042034_0501C7_1B07.zip,IW,2022-02-23,10TFN
432,"POLYGON ((-120.830376 41.08218, -120.405861 42.700455, -123.474487 43.0938, -123.819122 41.475979, -120.830376 41.08218))",42.0982,-122.1285,2022-02-21T14:15:29.601Z,S1A_IW_SLC__1SDV_20220221T141502_20220221T141529_042012_050119_1673-SLC,DESCENDING,115,SLC,https://datapool.asf.alaska.edu/SLC/SA/S1A_IW_SLC__1SDV_20220221T141502_20220221T141529_042012_050119_1673.zip,2022-02-21 14:15:02.640000+00:00,S1A_IW_SLC__1SDV_20220221T141502_20220221T141529_042012_050119_1673,,Sentinel-1A,4354765488,2955d237a024b33b0893cc064435e0cb,452,SENTINEL_1A_FRAME,42012,VV+VH,2022-02-21T14:15:02.640Z,C-SAR,S1A_IWDV_0452_0457_042012_115,003.40,S1A_IW_SLC__1SDV_20220221T141502_20220221T141529_042012_050119_1673.zip,IW,2022-02-21,10TFN
433,"POLYGON ((-120.43502 42.571606, -119.98288 44.245373, -123.136284 44.63905, -123.499153 42.965347, -120.43502 42.571606))",43.6161,-121.7593,2022-02-21T14:15:04.776Z,S1A_IW_SLC__1SDV_20220221T141436_20220221T141504_042012_050119_05CF-SLC,DESCENDING,115,SLC,https://datapool.asf.alaska.edu/SLC/SA/S1A_IW_SLC__1SDV_20220221T141436_20220221T141504_042012_050119_05CF.zip,2022-02-21 14:14:36.872000+00:00,S1A_IW_SLC__1SDV_20220221T141436_20220221T141504_042012_050119_05CF,,Sentinel-1A,4508602087,e9d9fbd458a5cda7d6a0e3dfc5c031d5,447,SENTINEL_1A_FRAME,42012,VV+VH,2022-02-21T14:14:36.872Z,C-SAR,S1A_IWDV_0446_0453_042012_115,003.40,S1A_IW_SLC__1SDV_20220221T141436_20220221T141504_042012_050119_05CF.zip,IW,2022-02-21,10TFN
438,"POLYGON ((-123.343575 43.808826, -122.982597 42.463886, -119.932343 42.856354, -120.222778 44.201168, -123.343575 43.808826))",43.343,-121.6253,2022-02-11T02:01:35.972Z,S1A_IW_SLC__1SDV_20220211T020113_20220211T020135_041859_04FBAA_A499-SLC,ASCENDING,137,SLC,https://datapool.asf.alaska.edu/SLC/SA/S1A_IW_SLC__1SDV_20220211T020113_20220211T020135_041859_04FBAA_A499.zip,2022-02-11 02:01:13.555000+00:00,S1A_IW_SLC__1SDV_20220211T020113_20220211T020135_041859_04FBAA_A499,,Sentinel-1A,3545485144,1863fca18e685a9cefbc657f8b670058,138,SENTINEL_1A_FRAME,41859,VV+VH,2022-02-11T02:01:13.555Z,C-SAR,S1A_IWDV_0138_0142_041859_137,003.40,S1A_IW_SLC__1SDV_20220211T020113_20220211T020135_041859_04FBAA_A499.zip,IW,2022-02-11,10TFN
439,"POLYGON ((-123.005966 42.593815, -122.568001 40.917835, -119.597549 41.30999, -119.953659 42.985443, -123.005966 42.593815))",41.9618,-121.285,2022-02-11T02:01:15.694Z,S1A_IW_SLC__1SDV_20220211T020047_20220211T020115_041859_04FBAA_0244-SLC,ASCENDING,137,SLC,https://datapool.asf.alaska.edu/SLC/SA/S1A_IW_SLC__1SDV_20220211T020047_20220211T020115_041859_04FBAA_0244.zip,2022-02-11 02:00:47.776000+00:00,S1A_IW_SLC__1SDV_20220211T020047_20220211T020115_041859_04FBAA_0244,,Sentinel-1A,4479417781,5dbb5bf9c2bc00f4b8fd1932d95deaef,133,SENTINEL_1A_FRAME,41859,VV+VH,2022-02-11T02:00:47.776Z,C-SAR,S1A_IWDV_0133_0138_041859_137,003.40,S1A_IW_SLC__1SDV_20220211T020047_20220211T020115_041859_04FBAA_0244.zip,IW,2022-02-11,10TFN
440,"POLYGON ((-120.829117 41.081894, -120.404678 42.699791, -123.473305 43.093166, -123.817879 41.475719, -120.829117 41.081894))",42.0978,-122.1273,2022-02-09T14:15:29.687Z,S1A_IW_SLC__1SDV_20220209T141502_20220209T141529_041837_04FB06_DF9C-SLC,DESCENDING,115,SLC,https://datapool.asf.alaska.edu/SLC/SA/S1A_IW_SLC__1SDV_20220209T141502_20220209T141529_041837_04FB06_DF9C.zip,2022-02-09 14:15:02.732000+00:00,S1A_IW_SLC__1SDV_20220209T141502_20220209T141529_041837_04FB06_DF9C,,Sentinel-1A,4413414041,4af516721df842b5609d922a236c989a,452,SENTINEL_1A_FRAME,41837,VV+VH,2022-02-09T14:15:02.732Z,C-SAR,S1A_IWDV_0451_0458_041837_115,003.40,S1A_IW_SLC__1SDV_20220209T141502_20220209T141529_041837_04FB06_DF9C.zip,IW,2022-02-09,10TFN
441,"POLYGON ((-120.433846 42.570942, -119.981583 44.245075, -123.135002 44.638783, -123.497971 42.964714, -120.433846 42.570942))",43.6156,-121.7581,2022-02-09T14:15:04.868Z,S1A_IW_SLC__1SDV_20220209T141436_20220209T141504_041837_04FB06_D654-SLC,DESCENDING,115,SLC,https://datapool.asf.alaska.edu/SLC/SA/S1A_IW_SLC__1SDV_20220209T141436_20220209T141504_041837_04FB06_D654.zip,2022-02-09 14:14:36.958000+00:00,S1A_IW_SLC__1SDV_20220209T141436_20220209T141504_041837_04FB06_D654,,Sentinel-1A,4550012352,e73bef007ae4814cc884deb7ec3db1e6,447,SENTINEL_1A_FRAME,41837,VV+VH,2022-02-09T14:14:36.958Z,C-SAR,S1A_IWDV_0446_0453_041837_115,003.40,S1A_IW_SLC__1SDV_20220209T141436_20220209T141504_041837_04FB06_D654.zip,IW,2022-02-09,10TFN
446,"POLYGON ((-123.342056 43.80891, -122.981155 42.464092, -119.930832 42.856503, -120.221199 44.201191, -123.342056 43.80891))",43.3431,-121.6237,2022-01-30T02:01:36.161Z,S1A_IW_SLC__1SDV_20220130T020113_20220130T020136_041684_04F59B_662F-SLC,ASCENDING,137,SLC,https://datapool.asf.alaska.edu/SLC/SA/S1A_IW_SLC__1SDV_20220130T020113_20220130T020136_041684_04F59B_662F.zip,2022-01-30 02:01:13.745000+00:00,S1A_IW_SLC__1SDV_20220130T020113_20220130T020136_041684_04F59B_662F,,Sentinel-1A,3515489534,688c12a26024e760d30ec0f66363394a,138,SENTINEL_1A_FRAME,41684,VV+VH,2022-01-30T02:01:13.745Z,C-SAR,S1A_IWDV_0137_0142_041684_137,003.40,S1A_IW_SLC__1SDV_20220130T020113_20220130T020136_041684_04F59B_662F.zip,IW,2022-01-30,10TFN
447,"POLYGON ((-123.004517 42.594021, -122.566566 40.917915, -119.596069 41.310013, -119.952141 42.985588, -123.004517 42.594021))",41.9619,-121.2835,2022-01-30T02:01:15.885Z,S1A_IW_SLC__1SDV_20220130T020047_20220130T020115_041684_04F59B_DCB9-SLC,ASCENDING,137,SLC,https://datapool.asf.alaska.edu/SLC/SA/S1A_IW_SLC__1SDV_20220130T020047_20220130T020115_041684_04F59B_DCB9.zip,2022-01-30 02:00:47.965000+00:00,S1A_IW_SLC__1SDV_20220130T020047_20220130T020115_041684_04F59B_DCB9,,Sentinel-1A,4478231876,12341b8665ea389479a274223575b5ef,133,SENTINEL_1A_FRAME,41684,VV+VH,2022-01-30T02:00:47.965Z,C-SAR,S1A_IWDV_0132_0139_041684_137,003.40,S1A_IW_SLC__1SDV_20220130T020047_20220130T020115_041684_04F59B_DCB9.zip,IW,2022-01-30,10TFN
448,"POLYGON ((-120.829475 41.082176, -120.405106 42.699951, -123.473839 43.093288, -123.818344 41.475967, -120.829475 41.082176))",42.098,-122.1277,2022-01-28T14:15:30.019Z,S1A_IW_SLC__1SDV_20220128T141503_20220128T141530_041662_04F4E6_F3A2-SLC,DESCENDING,115,SLC,https://datapool.asf.alaska.edu/SLC/SA/S1A_IW_SLC__1SDV_20220128T141503_20220128T141530_041662_04F4E6_F3A2.zip,2022-01-28 14:15:03.066000+00:00,S1A_IW_SLC__1SDV_20220128T141503_20220128T141530_041662_04F4E6_F3A2,,Sentinel-1A,4421723659,374eabdee49aa4df2634ad99e2eadf74,452,SENTINEL_1A_FRAME,41662,VV+VH,2022-01-28T14:15:03.066Z,C-SAR,S1A_IWDV_0452_0457_041662_115,003.40,S1A_IW_SLC__1SDV_20220128T141503_20220128T141530_041662_04F4E6_F3A2.zip,IW,2022-01-28,10TFN
449,"POLYGON ((-120.434196 42.571091, -119.98201 44.245098, -123.135567 44.638775, -123.498466 42.964832, -120.434196 42.571091))",43.6157,-121.7585,2022-01-28T14:15:05.202Z,S1A_IW_SLC__1SDV_20220128T141437_20220128T141505_041662_04F4E6_1402-SLC,DESCENDING,115,SLC,https://datapool.asf.alaska.edu/SLC/SA/S1A_IW_SLC__1SDV_20220128T141437_20220128T141505_041662_04F4E6_1402.zip,2022-01-28 14:14:37.294000+00:00,S1A_IW_SLC__1SDV_20220128T141437_20220128T141505_041662_04F4E6_1402,,Sentinel-1A,4535948315,6432592f4c54453d961f2e067ec21d40,447,SENTINEL_1A_FRAME,41662,VV+VH,2022-01-28T14:14:37.294Z,C-SAR,S1A_IWDV_0446_0453_041662_115,003.40,S1A_IW_SLC__1SDV_20220128T141437_20220128T141505_041662_04F4E6_1402.zip,IW,2022-01-28,10TFN
454,"POLYGON ((-123.342064 43.808479, -122.981239 42.463905, -119.930946 42.856316, -120.221252 44.200756, -123.342064 43.808479))",43.3428,-121.6238,2022-01-18T02:01:36.628Z,S1A_IW_SLC__1SDV_20220118T020114_20220118T020136_041509_04EFA6_9596-SLC,ASCENDING,137,SLC,https://datapool.asf.alaska.edu/SLC/SA/S1A_IW_SLC__1SDV_20220118T020114_20220118T020136_041509_04EFA6_9596.zip,2022-01-18 02:01:14.216000+00:00,S1A_IW_SLC__1SDV_20220118T020114_20220118T020136_041509_04EFA6_9596,,Sentinel-1A,3536318820,006a943e73ebe32ba835ad9a64e51b57,138,SENTINEL_1A_FRAME,41509,VV+VH,2022-01-18T02:01:14.216Z,C-SAR,S1A_IWDV_0137_0142_041509_137,003.40,S1A_IW_SLC__1SDV_20220118T020114_20220118T020136_041509_04EFA6_9596.zip,IW,2022-01-18,10TFN
455,"POLYGON ((-123.004639 42.593826, -122.566689 40.917725, -119.596199 41.309822, -119.952278 42.985401, -123.004639 42.593826))",41.9617,-121.2837,2022-01-18T02:01:16.356Z,S1A_IW_SLC__1SDV_20220118T020048_20220118T020116_041509_04EFA6_2A0D-SLC,ASCENDING,137,SLC,https://datapool.asf.alaska.edu/SLC/SA/S1A_IW_SLC__1SDV_20220118T020048_20220118T020116_041509_04EFA6_2A0D.zip,2022-01-18 02:00:48.436000+00:00,S1A_IW_SLC__1SDV_20220118T020048_20220118T020116_041509_04EFA6_2A0D,,Sentinel-1A,4507641866,8b4f8f2a67ef9ac98d43c2982f2f32e8,133,SENTINEL_1A_FRAME,41509,VV+VH,2022-01-18T02:00:48.436Z,C-SAR,S1A_IWDV_0132_0139_041509_137,003.40,S1A_IW_SLC__1SDV_20220118T020048_20220118T020116_041509_04EFA6_2A0D.zip,IW,2022-01-18,10TFN
456,"POLYGON ((-120.830345 41.081951, -120.405998 42.69973, -123.474678 43.093037, -123.81916 41.475712, -120.830345 41.081951))",42.0977,-122.1286,2022-01-16T14:15:30.545Z,S1A_IW_SLC__1SDV_20220116T141503_20220116T141530_041487_04EEF8_E612-SLC,DESCENDING,115,SLC,https://datapool.asf.alaska.edu/SLC/SA/S1A_IW_SLC__1SDV_20220116T141503_20220116T141530_041487_04EEF8_E612.zip,2022-01-16 14:15:03.592000+00:00,S1A_IW_SLC__1SDV_20220116T141503_20220116T141530_041487_04EEF8_E612,,Sentinel-1A,4431931893,fd17346265425f296132b2583ceb7272,452,SENTINEL_1A_FRAME,41487,VV+VH,2022-01-16T14:15:03.592Z,C-SAR,S1A_IWDV_0451_0458_041487_115,003.40,S1A_IW_SLC__1SDV_20220116T141503_20220116T141530_041487_04EEF8_E612.zip,IW,2022-01-16,10TFN
457,"POLYGON ((-120.435005 42.570984, -119.982872 44.244873, -123.136406 44.638519, -123.499245 42.964699, -120.435005 42.570984))",43.6155,-121.7593,2022-01-16T14:15:05.726Z,S1A_IW_SLC__1SDV_20220116T141437_20220116T141505_041487_04EEF8_76F5-SLC,DESCENDING,115,SLC,https://datapool.asf.alaska.edu/SLC/SA/S1A_IW_SLC__1SDV_20220116T141437_20220116T141505_041487_04EEF8_76F5.zip,2022-01-16 14:14:37.820000+00:00,S1A_IW_SLC__1SDV_20220116T141437_20220116T141505_041487_04EEF8_76F5,,Sentinel-1A,4564925811,67d4fbc49d74a3a9ffd25732a6bec16c,447,SENTINEL_1A_FRAME,41487,VV+VH,2022-01-16T14:14:37.820Z,C-SAR,S1A_IWDV_0446_0453_041487_115,003.40,S1A_IW_SLC__1SDV_20220116T141437_20220116T141505_041487_04EEF8_76F5.zip,IW,2022-01-16,10TFN
462,"POLYGON ((-123.343018 43.808292, -122.982162 42.463722, -119.931839 42.856171, -120.222176 44.200611, -123.343018 43.808292))",43.3426,-121.6247,2022-01-06T02:01:37.099Z,S1A_IW_SLC__1SDV_20220106T020114_20220106T020137_041334_04E9F0_C0C9-SLC,ASCENDING,137,SLC,https://datapool.asf.alaska.edu/SLC/SA/S1A_IW_SLC__1SDV_20220106T020114_20220106T020137_041334_04E9F0_C0C9.zip,2022-01-06 02:01:14.687000+00:00,S1A_IW_SLC__1SDV_20220106T020114_20220106T020137_041334_04E9F0_C0C9,,Sentinel-1A,3609525916,40b6141065b12a7fc358085c5dd6a599,138,SENTINEL_1A_FRAME,41334,VV+VH,2022-01-06T02:01:14.687Z,C-SAR,S1A_IWDV_0137_0142_041334_137,003.40,S1A_IW_SLC__1SDV_20220106T020114_20220106T020137_041334_04E9F0_C0C9.zip,IW,2022-01-06,10TFN
463,"POLYGON ((-123.005516 42.593395, -122.567596 40.917545, -119.597069 41.309685, -119.953125 42.985012, -123.005516 42.593395))",41.9614,-121.2845,2022-01-06T02:01:16.823Z,S1A_IW_SLC__1SDV_20220106T020048_20220106T020116_041334_04E9F0_FF30-SLC,ASCENDING,137,SLC,https://datapool.asf.alaska.edu/SLC/SA/S1A_IW_SLC__1SDV_20220106T020048_20220106T020116_041334_04E9F0_FF30.zip,2022-01-06 02:00:48.906000+00:00,S1A_IW_SLC__1SDV_20220106T020048_20220106T020116_041334_04E9F0_FF30,,Sentinel-1A,4519163589,bfc64650a48d797b2d3d9cffe32b8766,133,SENTINEL_1A_FRAME,41334,VV+VH,2022-01-06T02:00:48.906Z,C-SAR,S1A_IWDV_0132_0139_041334_137,003.40,S1A_IW_SLC__1SDV_20220106T020048_20220106T020116_041334_04E9F0_FF30.zip,IW,2022-01-06,10TFN
464,"POLYGON ((-120.830132 41.082413, -120.405746 42.70031, -123.474564 43.093636, -123.819069 41.476189, -120.830132 41.082413))",42.0983,-122.1284,2022-01-04T14:15:30.944Z,S1A_IW_SLC__1SDV_20220104T141503_20220104T141530_041312_04E941_E18E-SLC,DESCENDING,115,SLC,https://datapool.asf.alaska.edu/SLC/SA/S1A_IW_SLC__1SDV_20220104T141503_20220104T141530_041312_04E941_E18E.zip,2022-01-04 14:15:03.989000+00:00,S1A_IW_SLC__1SDV_20220104T141503_20220104T141530_041312_04E941_E18E,,Sentinel-1A,4483509326,569676c256dba2a3e4e1c5c9677bb15a,452,SENTINEL_1A_FRAME,41312,VV+VH,2022-01-04T14:15:03.989Z,C-SAR,S1A_IWDV_0451_0458_041312_115,003.40,S1A_IW_SLC__1SDV_20220104T141503_20220104T141530_041312_04E941_E18E.zip,IW,2022-01-04,10TFN
465,"POLYGON ((-120.434822 42.571705, -119.982857 44.244972, -123.136452 44.638626, -123.499161 42.965427, -120.434822 42.571705))",43.6159,-121.7593,2022-01-04T14:15:06.121Z,S1A_IW_SLC__1SDV_20220104T141438_20220104T141506_041312_04E941_7722-SLC,DESCENDING,115,SLC,https://datapool.asf.alaska.edu/SLC/SA/S1A_IW_SLC__1SDV_20220104T141438_20220104T141506_041312_04E941_7722.zip,2022-01-04 14:14:38.225000+00:00,S1A_IW_SLC__1SDV_20220104T141438_20220104T141506_041312_04E941_7722,,Sentinel-1A,4577891285,b8d8185955da100482fabe40c4c04926,447,SENTINEL_1A_FRAME,41312,VV+VH,2022-01-04T14:14:38.225Z,C-SAR,S1A_IWDV_0446_0453_041312_115,003.40,S1A_IW_SLC__1SDV_20220104T141438_20220104T141506_041312_04E941_7722.zip,IW,2022-01-04,10TFN
0,"POLYGON ((-123.836731 45.569042, -123.387901 43.951927, -120.203163 44.350609, -120.558167 45.967979, -123.836731 45.569042))",44.9714,-122.0012,2023-12-27T02:02:17.516Z,S1A_IW_SLC__1SDV_20231227T020150_20231227T020217_051834_0642F5_4C8A-SLC,ASCENDING,137,SLC,https://datapool.asf.alaska.edu/SLC/SA/S1A_IW_SLC__1SDV_20231227T020150_20231227T020217_051834_0642F5_4C8A.zip,2023-12-27 02:01:50.541000+00:00,S1A_IW_SLC__1SDV_20231227T020150_20231227T020217_051834_0642F5_4C8A,,Sentinel-1A,8160671087,e441bb7bf8b492bfc3374148041491a8,143,SENTINEL_1A_FRAME,51834,VV+VH,2023-12-27T02:01:50.541Z,C-SAR,S1A_IWDV_0143_0148_051834_137,003.71,S1A_IW_SLC__1SDV_20231227T020150_20231227T020217_051834_0642F5_4C8A.zip,IW,2023-12-27,10TFP
3,"POLYGON ((-120.080032 43.895077, -119.631783 45.511265, -122.864388 45.905785, -123.220345 44.28931, -120.080032 43.895077))",44.9116,-121.4446,2023-12-25T14:14:55.200Z,S1A_IW_SLC__1SDV_20231225T141428_20231225T141455_051812_06423A_7697-SLC,DESCENDING,115,SLC,https://datapool.asf.alaska.edu/SLC/SA/S1A_IW_SLC__1SDV_20231225T141428_20231225T141455_051812_06423A_7697.zip,2023-12-25 14:14:28.239000+00:00,S1A_IW_SLC__1SDV_20231225T141428_20231225T141455_051812_06423A_7697,,Sentinel-1A,7752146003,739be56042234a375aa08c31a3cfb896,442,SENTINEL_1A_FRAME,51812,VV+VH,2023-12-25T14:14:28.239Z,C-SAR,S1A_IWDV_0442_0448_051812_115,003.71,S1A_IW_SLC__1SDV_20231225T141428_20231225T141455_051812_06423A_7697.zip,IW,2023-12-25,10TFP
8,"POLYGON ((-123.838493 45.569412, -123.389717 43.952538, -120.20517 44.3512, -120.560143 45.968334, -123.838493 45.569412))",44.9719,-122.0031,2023-12-15T02:02:18.520Z,S1A_IW_SLC__1SDV_20231215T020151_20231215T020218_051659_063CE9_C45A-SLC,ASCENDING,137,SLC,https://datapool.asf.alaska.edu/SLC/SA/S1A_IW_SLC__1SDV_20231215T020151_20231215T020218_051659_063CE9_C45A.zip,2023-12-15 02:01:51.549000+00:00,S1A_IW_SLC__1SDV_20231215T020151_20231215T020218_051659_063CE9_C45A,,Sentinel-1A,8160557607,1f574a6d77d49599196993440f5e8618,143,SENTINEL_1A_FRAME,51659,VV+VH,2023-12-15T02:01:51.549Z,C-SAR,S1A_IWDV_0142_0149_051659_137,003.71,S1A_IW_SLC__1SDV_20231215T020151_20231215T020218_051659_063CE9_C45A.zip,IW,2023-12-15,10TFP
11,"POLYGON ((-120.081665 43.894806, -119.633484 45.510746, -122.866043 45.905262, -123.221947 44.28904, -120.081665 43.894806))",44.9112,-121.4463,2023-12-13T14:14:56.175Z,S1A_IW_SLC__1SDV_20231213T141429_20231213T141456_051637_063C36_A1C1-SLC,DESCENDING,115,SLC,https://datapool.asf.alaska.edu/SLC/SA/S1A_IW_SLC__1SDV_20231213T141429_20231213T141456_051637_063C36_A1C1.zip,2023-12-13 14:14:29.219000+00:00,S1A_IW_SLC__1SDV_20231213T141429_20231213T141456_051637_063C36_A1C1,,Sentinel-1A,7752108076,04de739fecd03f9447546eb40723f0ab,442,SENTINEL_1A_FRAME,51637,VV+VH,2023-12-13T14:14:29.219Z,C-SAR,S1A_IWDV_0442_0448_051637_115,003.71,S1A_IW_SLC__1SDV_20231213T141429_20231213T141456_051637_063C36_A1C1.zip,IW,2023-12-13,10TFP
16,"POLYGON ((-123.840576 45.569408, -123.391708 43.952553, -120.206902 44.351341, -120.561951 45.968452, -123.840576 45.569408))",44.972,-122.005,2023-12-03T02:02:19.056Z,S1A_IW_SLC__1SDV_20231203T020152_20231203T020219_051484_0636C5_6E21-SLC,ASCENDING,137,SLC,https://datapool.asf.alaska.edu/SLC/SA/S1A_IW_SLC__1SDV_20231203T020152_20231203T020219_051484_0636C5_6E21.zip,2023-12-03 02:01:52.085000+00:00,S1A_IW_SLC__1SDV_20231203T020152_20231203T020219_051484_0636C5_6E21,,Sentinel-1A,8160567423,3967d75249bf74fddb7e03c44200a7ca,143,SENTINEL_1A_FRAME,51484,VV+VH,2023-12-03T02:01:52.085Z,C-SAR,S1A_IWDV_0142_0149_051484_137,003.71,S1A_IW_SLC__1SDV_20231203T020152_20231203T020219_051484_0636C5_6E21.zip,IW,2023-12-03,10TFP
19,"POLYGON ((-120.079735 43.895336, -119.631409 45.51152, -122.864082 45.906113, -123.220108 44.289646, -120.079735 43.895336))",44.9119,-121.4443,2023-12-01T14:14:56.451Z,S1A_IW_SLC__1SDV_20231201T141429_20231201T141456_051462_06360A_DCA0-SLC,DESCENDING,115,SLC,https://datapool.asf.alaska.edu/SLC/SA/S1A_IW_SLC__1SDV_20231201T141429_20231201T141456_051462_06360A_DCA0.zip,2023-12-01 14:14:29.490000+00:00,S1A_IW_SLC__1SDV_20231201T141429_20231201T141456_051462_06360A_DCA0,,Sentinel-1A,7752211290,91f6247c2e2950f332a6caa0768956a4,442,SENTINEL_1A_FRAME,51462,VV+VH,2023-12-01T14:14:29.490Z,C-SAR,S1A_IWDV_0442_0448_051462_115,003.71,S1A_IW_SLC__1SDV_20231201T141429_20231201T141456_051462_06360A_DCA0.zip,IW,2023-12-01,10TFP
24,"POLYGON ((-123.840179 45.569275, -123.391289 43.95229, -120.206627 44.351051, -120.561699 45.968296, -123.840179 45.569275))",44.9718,-122.0046,2023-11-21T02:02:19.530Z,S1A_IW_SLC__1SDV_20231121T020152_20231121T020219_051309_0630CB_2538-SLC,ASCENDING,137,SLC,https://datapool.asf.alaska.edu/SLC/SA/S1A_IW_SLC__1SDV_20231121T020152_20231121T020219_051309_0630CB_2538.zip,2023-11-21 02:01:52.557000+00:00,S1A_IW_SLC__1SDV_20231121T020152_20231121T020219_051309_0630CB_2538,,Sentinel-1A,8160504030,6ff09f5b8d5c8d7836e0ed8d40ff7fe4,143,SENTINEL_1A_FRAME,51309,VV+VH,2023-11-21T02:01:52.557Z,C-SAR,S1A_IWDV_0142_0149_051309_137,003.71,S1A_IW_SLC__1SDV_20231121T020152_20231121T020219_051309_0630CB_2538.zip,IW,2023-11-21,10TFP
27,"POLYGON ((-120.080658 43.894806, -119.632332 45.510994, -122.864876 45.90559, -123.220909 44.28912, -120.080658 43.894806))",44.9114,-121.4452,2023-11-19T14:14:57.118Z,S1A_IW_SLC__1SDV_20231119T141430_20231119T141457_051287_063010_5FCD-SLC,DESCENDING,115,SLC,https://datapool.asf.alaska.edu/SLC/SA/S1A_IW_SLC__1SDV_20231119T141430_20231119T141457_051287_063010_5FCD.zip,2023-11-19 14:14:30.157000+00:00,S1A_IW_SLC__1SDV_20231119T141430_20231119T141457_051287_063010_5FCD,,Sentinel-1A,7752256614,f1dffe9cbd22e30bb18fef5db34cc028,442,SENTINEL_1A_FRAME,51287,VV+VH,2023-11-19T14:14:30.157Z,C-SAR,S1A_IWDV_0442_0448_051287_115,003.71,S1A_IW_SLC__1SDV_20231119T141430_20231119T141457_051287_063010_5FCD.zip,IW,2023-11-19,10TFP
32,"POLYGON ((-123.836922 45.568127, -123.388046 43.951145, -120.203339 44.349918, -120.558403 45.967159, -123.836922 45.568127))",44.9706,-122.0014,2023-11-09T02:02:19.240Z,S1A_IW_SLC__1SDV_20231109T020152_20231109T020219_051134_062ABB_47F0-SLC,ASCENDING,137,SLC,https://datapool.asf.alaska.edu/SLC/SA/S1A_IW_SLC__1SDV_20231109T020152_20231109T020219_051134_062ABB_47F0.zip,2023-11-09 02:01:52.267000+00:00,S1A_IW_SLC__1SDV_20231109T020152_20231109T020219_051134_062ABB_47F0,,Sentinel-1A,8160515260,816a4420df358101d9ec9c680890b5b7,143,SENTINEL_1A_FRAME,51134,VV+VH,2023-11-09T02:01:52.267Z,C-SAR,S1A_IWDV_0142_0149_051134_137,003.71,S1A_IW_SLC__1SDV_20231109T020152_20231109T020219_051134_062ABB_47F0.zip,IW,2023-11-09,10TFP
38,"POLYGON ((-123.836906 45.5681, -123.38813 43.951099, -120.203636 44.349754, -120.558601 45.96701, -123.836906 45.5681))",44.9705,-122.0015,2023-10-28T02:02:20.128Z,S1A_IW_SLC__1SDV_20231028T020153_20231028T020220_050959_0624B2_2DA7-SLC,ASCENDING,137,SLC,https://datapool.asf.alaska.edu/SLC/SA/S1A_IW_SLC__1SDV_20231028T020153_20231028T020220_050959_0624B2_2DA7.zip,2023-10-28 02:01:53.155000+00:00,S1A_IW_SLC__1SDV_20231028T020153_20231028T020220_050959_0624B2_2DA7,,Sentinel-1A,8160443650,68a2c73017a4eeb46ca29ec08d059007,143,SENTINEL_1A_FRAME,50959,VV+VH,2023-10-28T02:01:53.155Z,C-SAR,S1A_IWDV_0142_0149_050959_137,003.71,S1A_IW_SLC__1SDV_20231028T020153_20231028T020220_050959_0624B2_2DA7.zip,IW,2023-10-28,10TFP
44,"POLYGON ((-123.837708 45.568573, -123.38887 43.95145, -120.204323 44.350132, -120.559341 45.96751, -123.837708 45.568573))",44.971,-122.0023,2023-10-16T02:02:20.261Z,S1A_IW_SLC__1SDV_20231016T020153_20231016T020220_050784_061EC8_B7BF-SLC,ASCENDING,137,SLC,https://datapool.asf.alaska.edu/SLC/SA/S1A_IW_SLC__1SDV_20231016T020153_20231016T020220_050784_061EC8_B7BF.zip,2023-10-16 02:01:53.286000+00:00,S1A_IW_SLC__1SDV_20231016T020153_20231016T020220_050784_061EC8_B7BF,,Sentinel-1A,8160521749,be8563abec2ce207acdb52c2f95d0776,143,SENTINEL_1A_FRAME,50784,VV+VH,2023-10-16T02:01:53.286Z,C-SAR,S1A_IWDV_0142_0149_050784_137,003.61,S1A_IW_SLC__1SDV_20231016T020153_20231016T020220_050784_061EC8_B7BF.zip,IW,2023-10-16,10TFP
47,"POLYGON ((-120.079567 43.895802, -119.63131 45.512001, -122.863831 45.906521, -123.219795 44.290043, -120.079567 43.895802))",44.9123,-121.4441,2023-10-14T14:14:57.597Z,S1A_IW_SLC__1SDV_20231014T141430_20231014T141457_050762_061E0B_5B94-SLC,DESCENDING,115,SLC,https://datapool.asf.alaska.edu/SLC/SA/S1A_IW_SLC__1SDV_20231014T141430_20231014T141457_050762_061E0B_5B94.zip,2023-10-14 14:14:30.636000+00:00,S1A_IW_SLC__1SDV_20231014T141430_20231014T141457_050762_061E0B_5B94,,Sentinel-1A,7752209041,e4ba1adfc63c01c999a5465c16403c2d,442,SENTINEL_1A_FRAME,50762,VV+VH,2023-10-14T14:14:30.636Z,C-SAR,S1A_IWDV_0442_0448_050762_115,003.61,S1A_IW_SLC__1SDV_20231014T141430_20231014T141457_050762_061E0B_5B94.zip,IW,2023-10-14,10TFP
52,"POLYGON ((-123.838097 45.56826, -123.389229 43.95113, -120.204926 44.349831, -120.55999 45.967213, -123.838097 45.56826))",44.9707,-122.0028,2023-10-04T02:02:20.041Z,S1A_IW_SLC__1SDV_20231004T020153_20231004T020220_050609_0618C2_192C-SLC,ASCENDING,137,SLC,https://datapool.asf.alaska.edu/SLC/SA/S1A_IW_SLC__1SDV_20231004T020153_20231004T020220_050609_0618C2_192C.zip,2023-10-04 02:01:53.066000+00:00,S1A_IW_SLC__1SDV_20231004T020153_20231004T020220_050609_0618C2_192C,,Sentinel-1A,8160509757,cc682ee3ae99d89c1403dea056b52fa1,143,SENTINEL_1A_FRAME,50609,VV+VH,2023-10-04T02:01:53.066Z,C-SAR,S1A_IWDV_0142_0149_050609_137,003.61,S1A_IW_SLC__1SDV_20231004T020153_20231004T020220_050609_0618C2_192C.zip,IW,2023-10-04,10TFP
55,"POLYGON ((-120.080643 43.895901, -119.63237 45.512104, -122.864754 45.906631, -123.220741 44.290146, -120.080643 43.895901))",44.9124,-121.4451,2023-10-02T14:14:57.689Z,S1A_IW_SLC__1SDV_20231002T141430_20231002T141457_050587_06180A_2DA6-SLC,DESCENDING,115,SLC,https://datapool.asf.alaska.edu/SLC/SA/S1A_IW_SLC__1SDV_20231002T141430_20231002T141457_050587_06180A_2DA6.zip,2023-10-02 14:14:30.729000+00:00,S1A_IW_SLC__1SDV_20231002T141430_20231002T141457_050587_06180A_2DA6,,Sentinel-1A,7752032116,dd65872f0e0d66caf58361a78419ee2d,442,SENTINEL_1A_FRAME,50587,VV+VH,2023-10-02T14:14:30.729Z,C-SAR,S1A_IWDV_0442_0448_050587_115,003.61,S1A_IW_SLC__1SDV_20231002T141430_20231002T141457_050587_06180A_2DA6.zip,IW,2023-10-02,10TFP
60,"POLYGON ((-123.83873 45.568306, -123.389923 43.951416, -120.205696 44.350109, -120.560707 45.967251, -123.83873 45.568306))",44.9708,-122.0035,2023-09-22T02:02:19.937Z,S1A_IW_SLC__1SDV_20230922T020152_20230922T020219_050434_0612BE_DD2C-SLC,ASCENDING,137,SLC,https://datapool.asf.alaska.edu/SLC/SA/S1A_IW_SLC__1SDV_20230922T020152_20230922T020219_050434_0612BE_DD2C.zip,2023-09-22 02:01:52.966000+00:00,S1A_IW_SLC__1SDV_20230922T020152_20230922T020219_050434_0612BE_DD2C,,Sentinel-1A,4598533655,b0f4ebadd94e89b5c6a60c658b226119,143,SENTINEL_1A_FRAME,50434,VV+VH,2023-09-22T02:01:52.966Z,C-SAR,S1A_IWDV_0142_0149_050434_137,003.61,S1A_IW_SLC__1SDV_20230922T020152_20230922T020219_050434_0612BE_DD2C.zip,IW,2023-09-22,10TFP
63,"POLYGON ((-120.079994 43.896233, -119.631721 45.512436, -122.864052 45.906967, -123.220055 44.290482, -120.079994 43.896233))",44.9128,-121.4445,2023-09-20T14:14:57.284Z,S1A_IW_SLC__1SDV_20230920T141430_20230920T141457_050412_061208_2E9E-SLC,DESCENDING,115,SLC,https://datapool.asf.alaska.edu/SLC/SA/S1A_IW_SLC__1SDV_20230920T141430_20230920T141457_050412_061208_2E9E.zip,2023-09-20 14:14:30.324000+00:00,S1A_IW_SLC__1SDV_20230920T141430_20230920T141457_050412_061208_2E9E,,Sentinel-1A,4530471821,7649da7da5f6549e29f0a8b185af84bb,442,SENTINEL_1A_FRAME,50412,VV+VH,2023-09-20T14:14:30.324Z,C-SAR,S1A_IWDV_0442_0448_050412_115,003.61,S1A_IW_SLC__1SDV_20230920T141430_20230920T141457_050412_061208_2E9E.zip,IW,2023-09-20,10TFP
68,"POLYGON ((-123.838486 45.568405, -123.389603 43.951134, -120.205574 44.349792, -120.560661 45.967316, -123.838486 45.568405))",44.9707,-122.0033,2023-09-10T02:02:19.710Z,S1A_IW_SLC__1SDV_20230910T020152_20230910T020219_050259_060CC8_9700-SLC,ASCENDING,137,SLC,https://datapool.asf.alaska.edu/SLC/SA/S1A_IW_SLC__1SDV_20230910T020152_20230910T020219_050259_060CC8_9700.zip,2023-09-10 02:01:52.733000+00:00,S1A_IW_SLC__1SDV_20230910T020152_20230910T020219_050259_060CC8_9700,,Sentinel-1A,4581498341,0aeda6b96499ce8fc1e5ce8943d61de0,143,SENTINEL_1A_FRAME,50259,VV+VH,2023-09-10T02:01:52.733Z,C-SAR,S1A_IWDV_0142_0149_050259_137,003.61,S1A_IW_SLC__1SDV_20230910T020152_20230910T020219_050259_060CC8_9700.zip,IW,2023-09-10,10TFP
71,"POLYGON ((-120.080063 43.895813, -119.631805 45.511898, -122.864052 45.906456, -123.220047 44.290089, -120.080063 43.895813))",44.9123,-121.4445,2023-09-08T14:14:57.036Z,S1A_IW_SLC__1SDV_20230908T141430_20230908T141457_050237_060C11_33F1-SLC,DESCENDING,115,SLC,https://datapool.asf.alaska.edu/SLC/SA/S1A_IW_SLC__1SDV_20230908T141430_20230908T141457_050237_060C11_33F1.zip,2023-09-08 14:14:30.077000+00:00,S1A_IW_SLC__1SDV_20230908T141430_20230908T141457_050237_060C11_33F1,,Sentinel-1A,4495469828,53ed17acf88291071aac66d7633b51d5,442,SENTINEL_1A_FRAME,50237,VV+VH,2023-09-08T14:14:30.077Z,C-SAR,S1A_IWDV_0442_0448_050237_115,003.61,S1A_IW_SLC__1SDV_20230908T141430_20230908T141457_050237_060C11_33F1.zip,IW,2023-09-08,10TFP
76,"POLYGON ((-123.838181 45.5686, -123.38932 43.95134, -120.20504 44.350006, -120.560089 45.967518, -123.838181 45.5686))",44.9709,-122.0029,2023-08-29T02:02:19.119Z,S1A_IW_SLC__1SDV_20230829T020152_20230829T020219_050084_0606D7_8E52-SLC,ASCENDING,137,SLC,https://datapool.asf.alaska.edu/SLC/SA/S1A_IW_SLC__1SDV_20230829T020152_20230829T020219_050084_0606D7_8E52.zip,2023-08-29 02:01:52.142000+00:00,S1A_IW_SLC__1SDV_20230829T020152_20230829T020219_050084_0606D7_8E52,,Sentinel-1A,4579569472,3087ac4f05970bf395f41265e7e907d5,143,SENTINEL_1A_FRAME,50084,VV+VH,2023-08-29T02:01:52.142Z,C-SAR,S1A_IWDV_0142_0149_050084_137,003.61,S1A_IW_SLC__1SDV_20230829T020152_20230829T020219_050084_0606D7_8E52.zip,IW,2023-08-29,10TFP
79,"POLYGON ((-120.081329 43.894802, -119.633095 45.510895, -122.865135 45.905403, -123.221107 44.289028, -120.081329 43.894802))",44.9113,-121.4457,2023-08-27T14:14:56.538Z,S1A_IW_SLC__1SDV_20230827T141429_20230827T141456_050062_06061F_11E8-SLC,DESCENDING,115,SLC,https://datapool.asf.alaska.edu/SLC/SA/S1A_IW_SLC__1SDV_20230827T141429_20230827T141456_050062_06061F_11E8.zip,2023-08-27 14:14:29.580000+00:00,S1A_IW_SLC__1SDV_20230827T141429_20230827T141456_050062_06061F_11E8,,Sentinel-1A,4536144545,594b79c67785c6c1371700ca3e2b6884,442,SENTINEL_1A_FRAME,50062,VV+VH,2023-08-27T14:14:29.580Z,C-SAR,S1A_IWDV_0442_0448_050062_115,003.61,S1A_IW_SLC__1SDV_20230827T141429_20230827T141456_050062_06061F_11E8.zip,IW,2023-08-27,10TFP
84,"POLYGON ((-123.83609 45.569611, -123.387314 43.952461, -120.203072 44.351051, -120.558044 45.968452, -123.83609 45.569611))",44.9719,-122.0008,2023-08-17T02:02:18.354Z,S1A_IW_SLC__1SDV_20230817T020151_20230817T020218_049909_0600D7_9E53-SLC,ASCENDING,137,SLC,https://datapool.asf.alaska.edu/SLC/SA/S1A_IW_SLC__1SDV_20230817T020151_20230817T020218_049909_0600D7_9E53.zip,2023-08-17 02:01:51.379000+00:00,S1A_IW_SLC__1SDV_20230817T020151_20230817T020218_049909_0600D7_9E53,,Sentinel-1A,4615646707,4814f86c59ac350ab4c3307a0a049de0,143,SENTINEL_1A_FRAME,49909,VV+VH,2023-08-17T02:01:51.379Z,C-SAR,S1A_IWDV_0142_0149_049909_137,003.61,S1A_IW_SLC__1SDV_20230817T020151_20230817T020218_049909_0600D7_9E53.zip,IW,2023-08-17,10TFP
87,"POLYGON ((-120.080185 43.894821, -119.63192 45.511162, -122.864082 45.905651, -123.220078 44.289032, -120.080185 43.894821))",44.9114,-121.4446,2023-08-15T14:14:55.667Z,S1A_IW_SLC__1SDV_20230815T141428_20230815T141455_049887_060020_6A97-SLC,DESCENDING,115,SLC,https://datapool.asf.alaska.edu/SLC/SA/S1A_IW_SLC__1SDV_20230815T141428_20230815T141455_049887_060020_6A97.zip,2023-08-15 14:14:28.704000+00:00,S1A_IW_SLC__1SDV_20230815T141428_20230815T141455_049887_060020_6A97,,Sentinel-1A,4561525847,f9496bdbce0f0e92e64099c1b820ac14,442,SENTINEL_1A_FRAME,49887,VV+VH,2023-08-15T14:14:28.704Z,C-SAR,S1A_IWDV_0442_0448_049887_115,003.61,S1A_IW_SLC__1SDV_20230815T141428_20230815T141455_049887_060020_6A97.zip,IW,2023-08-15,10TFP
92,"POLYGON ((-123.839134 45.569366, -123.39035 43.952347, -120.206078 44.350986, -120.561066 45.968258, -123.839134 45.569366))",44.9718,-122.0039,2023-08-05T02:02:18.143Z,S1A_IW_SLC__1SDV_20230805T020151_20230805T020218_049734_05FAFD_29CE-SLC,ASCENDING,137,SLC,https://datapool.asf.alaska.edu/SLC/SA/S1A_IW_SLC__1SDV_20230805T020151_20230805T020218_049734_05FAFD_29CE.zip,2023-08-05 02:01:51.170000+00:00,S1A_IW_SLC__1SDV_20230805T020151_20230805T020218_049734_05FAFD_29CE,,Sentinel-1A,4608249555,dc696ec8e929515e48c9ff73d06ac329,143,SENTINEL_1A_FRAME,49734,VV+VH,2023-08-05T02:01:51.170Z,C-SAR,S1A_IWDV_0142_0149_049734_137,003.61,S1A_IW_SLC__1SDV_20230805T020151_20230805T020218_049734_05FAFD_29CE.zip,IW,2023-08-05,10TFP
98,"POLYGON ((-123.838676 45.569431, -123.389809 43.952168, -120.205551 44.350822, -120.560608 45.968338, -123.838676 45.569431))",44.9717,-122.0034,2023-07-24T02:02:17.173Z,S1A_IW_SLC__1SDV_20230724T020150_20230724T020217_049559_05F594_CBBB-SLC,ASCENDING,137,SLC,https://datapool.asf.alaska.edu/SLC/SA/S1A_IW_SLC__1SDV_20230724T020150_20230724T020217_049559_05F594_CBBB.zip,2023-07-24 02:01:50.196000+00:00,S1A_IW_SLC__1SDV_20230724T020150_20230724T020217_049559_05F594_CBBB,,Sentinel-1A,4615226521,cb7fbaa1b72787a011d1f2a4e252238e,143,SENTINEL_1A_FRAME,49559,VV+VH,2023-07-24T02:01:50.196Z,C-SAR,S1A_IWDV_0142_0149_049559_137,003.61,S1A_IW_SLC__1SDV_20230724T020150_20230724T020217_049559_05F594_CBBB.zip,IW,2023-07-24,10TFP
101,"POLYGON ((-120.081627 43.895103, -119.633369 45.511448, -122.86554 45.905918, -123.221519 44.289299, -120.081627 43.895103))",44.9117,-121.446,2023-07-22T14:14:54.491Z,S1A_IW_SLC__1SDV_20230722T141427_20230722T141454_049537_05F4E5_9BA3-SLC,DESCENDING,115,SLC,https://datapool.asf.alaska.edu/SLC/SA/S1A_IW_SLC__1SDV_20230722T141427_20230722T141454_049537_05F4E5_9BA3.zip,2023-07-22 14:14:27.528000+00:00,S1A_IW_SLC__1SDV_20230722T141427_20230722T141454_049537_05F4E5_9BA3,,Sentinel-1A,4550440291,e25288a547998fc0baeb2885467ca463,442,SENTINEL_1A_FRAME,49537,VV+VH,2023-07-22T14:14:27.528Z,C-SAR,S1A_IWDV_0442_0448_049537_115,003.61,S1A_IW_SLC__1SDV_20230722T141427_20230722T141454_049537_05F4E5_9BA3.zip,IW,2023-07-22,10TFP
104,"POLYGON ((-123.838753 45.569687, -123.389908 43.952545, -120.205688 44.351204, -120.560738 45.968597, -123.838753 45.569687))",44.9721,-122.0035,2023-07-12T02:02:16.417Z,S1A_IW_SLC__1SDV_20230712T020149_20230712T020216_049384_05F041_6435-SLC,ASCENDING,137,SLC,https://datapool.asf.alaska.edu/SLC/SA/S1A_IW_SLC__1SDV_20230712T020149_20230712T020216_049384_05F041_6435.zip,2023-07-12 02:01:49.442000+00:00,S1A_IW_SLC__1SDV_20230712T020149_20230712T020216_049384_05F041_6435,,Sentinel-1A,4610756182,ae109ff9a5be454a04ac8ec553e9e058,143,SENTINEL_1A_FRAME,49384,VV+VH,2023-07-12T02:01:49.442Z,C-SAR,S1A_IWDV_0142_0149_049384_137,003.61,S1A_IW_SLC__1SDV_20230712T020149_20230712T020216_049384_05F041_6435.zip,IW,2023-07-12,10TFP
107,"POLYGON ((-120.081429 43.894714, -119.633133 45.511055, -122.865181 45.905563, -123.221207 44.28894, -120.081429 43.894714))",44.9113,-121.4457,2023-07-10T14:14:53.838Z,S1A_IW_SLC__1SDV_20230710T141426_20230710T141453_049362_05EF93_D796-SLC,DESCENDING,115,SLC,https://datapool.asf.alaska.edu/SLC/SA/S1A_IW_SLC__1SDV_20230710T141426_20230710T141453_049362_05EF93_D796.zip,2023-07-10 14:14:26.875000+00:00,S1A_IW_SLC__1SDV_20230710T141426_20230710T141453_049362_05EF93_D796,,Sentinel-1A,4561190403,61abc2adab5e917a4d394198ce2aa72d,442,SENTINEL_1A_FRAME,49362,VV+VH,2023-07-10T14:14:26.875Z,C-SAR,S1A_IWDV_0442_0448_049362_115,003.61,S1A_IW_SLC__1SDV_20230710T141426_20230710T141453_049362_05EF93_D796.zip,IW,2023-07-10,10TFP
112,"POLYGON ((-123.835938 45.56884, -123.387138 43.951691, -120.202934 44.350319, -120.557938 45.967716, -123.835938 45.56884))",44.9712,-122.0007,2023-06-30T02:02:15.152Z,S1A_IW_SLC__1SDV_20230630T020148_20230630T020215_049209_05EACF_E562-SLC,ASCENDING,137,SLC,https://datapool.asf.alaska.edu/SLC/SA/S1A_IW_SLC__1SDV_20230630T020148_20230630T020215_049209_05EACF_E562.zip,2023-06-30 02:01:48.176000+00:00,S1A_IW_SLC__1SDV_20230630T020148_20230630T020215_049209_05EACF_E562,,Sentinel-1A,4631783191,89af7f925595014aec814c215650088c,143,SENTINEL_1A_FRAME,49209,VV+VH,2023-06-30T02:01:48.176Z,C-SAR,S1A_IWDV_0142_0149_049209_137,003.61,S1A_IW_SLC__1SDV_20230630T020148_20230630T020215_049209_05EACF_E562.zip,IW,2023-06-30,10TFP
115,"POLYGON ((-120.079025 43.895134, -119.630722 45.511604, -122.862801 45.906078, -123.218826 44.28933, -120.079025 43.895134))",44.9118,-121.4433,2023-06-28T14:14:52.337Z,S1A_IW_SLC__1SDV_20230628T141425_20230628T141452_049187_05EA29_DE78-SLC,DESCENDING,115,SLC,https://datapool.asf.alaska.edu/SLC/SA/S1A_IW_SLC__1SDV_20230628T141425_20230628T141452_049187_05EA29_DE78.zip,2023-06-28 14:14:25.372000+00:00,S1A_IW_SLC__1SDV_20230628T141425_20230628T141452_049187_05EA29_DE78,,Sentinel-1A,4557762956,111cc7e17c51ac5b7ddb2e34fcd7ed2c,442,SENTINEL_1A_FRAME,49187,VV+VH,2023-06-28T14:14:25.372Z,C-SAR,S1A_IWDV_0442_0448_049187_115,003.61,S1A_IW_SLC__1SDV_20230628T141425_20230628T141452_049187_05EA29_DE78.zip,IW,2023-06-28,10TFP
118,"POLYGON ((-123.837051 45.569168, -123.388283 43.952023, -120.203972 44.350628, -120.558945 45.968025, -123.837051 45.569168))",44.9715,-122.0018,2023-06-18T02:02:14.904Z,S1A_IW_SLC__1SDV_20230618T020147_20230618T020214_049034_05E584_7BE7-SLC,ASCENDING,137,SLC,https://datapool.asf.alaska.edu/SLC/SA/S1A_IW_SLC__1SDV_20230618T020147_20230618T020214_049034_05E584_7BE7.zip,2023-06-18 02:01:47.928000+00:00,S1A_IW_SLC__1SDV_20230618T020147_20230618T020214_049034_05E584_7BE7,,Sentinel-1A,4606210206,2125eabb005f900b59e2462be08d54a2,143,SENTINEL_1A_FRAME,49034,VV+VH,2023-06-18T02:01:47.928Z,C-SAR,S1A_IWDV_0142_0149_049034_137,003.61,S1A_IW_SLC__1SDV_20230618T020147_20230618T020214_049034_05E584_7BE7.zip,IW,2023-06-18,10TFP
121,"POLYGON ((-120.082146 43.894936, -119.633919 45.511284, -122.866058 45.905724, -123.222008 44.289097, -120.082146 43.894936))",44.9115,-121.4465,2023-06-16T14:14:52.292Z,S1A_IW_SLC__1SDV_20230616T141425_20230616T141452_049012_05E4D6_C870-SLC,DESCENDING,115,SLC,https://datapool.asf.alaska.edu/SLC/SA/S1A_IW_SLC__1SDV_20230616T141425_20230616T141452_049012_05E4D6_C870.zip,2023-06-16 14:14:25.329000+00:00,S1A_IW_SLC__1SDV_20230616T141425_20230616T141452_049012_05E4D6_C870,,Sentinel-1A,4558230563,b6c7f02e3f89d80b0458e1c1c626572a,442,SENTINEL_1A_FRAME,49012,VV+VH,2023-06-16T14:14:25.329Z,C-SAR,S1A_IWDV_0442_0448_049012_115,003.61,S1A_IW_SLC__1SDV_20230616T141425_20230616T141452_049012_05E4D6_C870.zip,IW,2023-06-16,10TFP
126,"POLYGON ((-123.835762 45.568855, -123.386978 43.951702, -120.20285 44.350304, -120.557838 45.967705, -123.835762 45.568855))",44.9712,-122.0006,2023-06-06T02:02:13.947Z,S1A_IW_SLC__1SDV_20230606T020146_20230606T020213_048859_05E02E_5A20-SLC,ASCENDING,137,SLC,https://datapool.asf.alaska.edu/SLC/SA/S1A_IW_SLC__1SDV_20230606T020146_20230606T020213_048859_05E02E_5A20.zip,2023-06-06 02:01:46.972000+00:00,S1A_IW_SLC__1SDV_20230606T020146_20230606T020213_048859_05E02E_5A20,,Sentinel-1A,4628101150,52423c149315bf29dc28a6b8bc4fbd96,143,SENTINEL_1A_FRAME,48859,VV+VH,2023-06-06T02:01:46.972Z,C-SAR,S1A_IWDV_0143_0148_048859_137,003.61,S1A_IW_SLC__1SDV_20230606T020146_20230606T020213_048859_05E02E_5A20.zip,IW,2023-06-06,10TFP
129,"POLYGON ((-120.081444 43.895702, -119.633247 45.511925, -122.865433 45.906364, -123.221352 44.289864, -120.081444 43.895702))",44.9122,-121.4459,2023-06-04T14:14:51.470Z,S1A_IW_SLC__1SDV_20230604T141424_20230604T141451_048837_05DF81_9A02-SLC,DESCENDING,115,SLC,https://datapool.asf.alaska.edu/SLC/SA/S1A_IW_SLC__1SDV_20230604T141424_20230604T141451_048837_05DF81_9A02.zip,2023-06-04 14:14:24.509000+00:00,S1A_IW_SLC__1SDV_20230604T141424_20230604T141451_048837_05DF81_9A02,,Sentinel-1A,4550105709,ecccc780cf8de9807230dc723b034093,442,SENTINEL_1A_FRAME,48837,VV+VH,2023-06-04T14:14:24.509Z,C-SAR,S1A_IWDV_0442_0448_048837_115,003.61,S1A_IW_SLC__1SDV_20230604T141424_20230604T141451_048837_05DF81_9A02.zip,IW,2023-06-04,10TFP
134,"POLYGON ((-123.836288 45.568497, -123.387405 43.951103, -120.203217 44.349747, -120.558281 45.967388, -123.836288 45.568497))",44.9707,-122.001,2023-05-25T02:02:13.338Z,S1A_IW_SLC__1SDV_20230525T020146_20230525T020213_048684_05DAF3_0571-SLC,ASCENDING,137,SLC,https://datapool.asf.alaska.edu/SLC/SA/S1A_IW_SLC__1SDV_20230525T020146_20230525T020213_048684_05DAF3_0571.zip,2023-05-25 02:01:46.358000+00:00,S1A_IW_SLC__1SDV_20230525T020146_20230525T020213_048684_05DAF3_0571,,Sentinel-1A,4608873519,491da5c6a3dc34a63cb2162ffb5e108b,143,SENTINEL_1A_FRAME,48684,VV+VH,2023-05-25T02:01:46.358Z,C-SAR,S1A_IWDV_0142_0149_048684_137,003.61,S1A_IW_SLC__1SDV_20230525T020146_20230525T020213_048684_05DAF3_0571.zip,IW,2023-05-25,10TFP
137,"POLYGON ((-120.081085 43.895844, -119.632805 45.512314, -122.864876 45.906757, -123.220879 44.290005, -120.081085 43.895844))",44.9125,-121.4454,2023-05-23T14:14:50.901Z,S1A_IW_SLC__1SDV_20230523T141423_20230523T141450_048662_05DA4D_04B0-SLC,DESCENDING,115,SLC,https://datapool.asf.alaska.edu/SLC/SA/S1A_IW_SLC__1SDV_20230523T141423_20230523T141450_048662_05DA4D_04B0.zip,2023-05-23 14:14:23.936000+00:00,S1A_IW_SLC__1SDV_20230523T141423_20230523T141450_048662_05DA4D_04B0,,Sentinel-1A,4529024215,7f1ed891bc92c37672c16667c3ffa052,442,SENTINEL_1A_FRAME,48662,VV+VH,2023-05-23T14:14:23.936Z,C-SAR,S1A_IWDV_0443_0448_048662_115,003.61,S1A_IW_SLC__1SDV_20230523T141423_20230523T141450_048662_05DA4D_04B0.zip,IW,2023-05-23,10TFP
142,"POLYGON ((-123.838615 45.568604, -123.389786 43.951588, -120.205658 44.350266, -120.560707 45.967541, -123.838615 45.568604))",44.9711,-122.0034,2023-05-13T02:02:13.044Z,S1A_IW_SLC__1SDV_20230513T020146_20230513T020213_048509_05D5C5_DAC4-SLC,ASCENDING,137,SLC,https://datapool.asf.alaska.edu/SLC/SA/S1A_IW_SLC__1SDV_20230513T020146_20230513T020213_048509_05D5C5_DAC4.zip,2023-05-13 02:01:46.071000+00:00,S1A_IW_SLC__1SDV_20230513T020146_20230513T020213_048509_05D5C5_DAC4,,Sentinel-1A,4634025010,0ac50a3a62b02b17f683439b726d1ba7,143,SENTINEL_1A_FRAME,48509,VV+VH,2023-05-13T02:01:46.071Z,C-SAR,S1A_IWDV_0143_0148_048509_137,003.61,S1A_IW_SLC__1SDV_20230513T020146_20230513T020213_048509_05D5C5_DAC4.zip,IW,2023-05-13,10TFP
145,"POLYGON ((-120.078896 43.895824, -119.6306 45.512032, -122.8629 45.906593, -123.218925 44.290108, -120.078896 43.895824))",44.9124,-121.4433,2023-05-11T14:14:50.199Z,S1A_IW_SLC__1SDV_20230511T141423_20230511T141450_048487_05D51D_9E95-SLC,DESCENDING,115,SLC,https://datapool.asf.alaska.edu/SLC/SA/S1A_IW_SLC__1SDV_20230511T141423_20230511T141450_048487_05D51D_9E95.zip,2023-05-11 14:14:23.238000+00:00,S1A_IW_SLC__1SDV_20230511T141423_20230511T141450_048487_05D51D_9E95,,Sentinel-1A,4582619219,ecc0efaa322db67860ddd04311f088d0,442,SENTINEL_1A_FRAME,48487,VV+VH,2023-05-11T14:14:23.238Z,C-SAR,S1A_IWDV_0442_0448_048487_115,003.61,S1A_IW_SLC__1SDV_20230511T141423_20230511T141450_048487_05D51D_9E95.zip,IW,2023-05-11,10TFP
150,"POLYGON ((-123.83812 45.568489, -123.389259 43.951221, -120.205162 44.349861, -120.560219 45.967384, -123.83812 45.568489))",44.9708,-122.0029,2023-05-01T02:02:12.439Z,S1A_IW_SLC__1SDV_20230501T020145_20230501T020212_048334_05D022_AAA7-SLC,ASCENDING,137,SLC,https://datapool.asf.alaska.edu/SLC/SA/S1A_IW_SLC__1SDV_20230501T020145_20230501T020212_048334_05D022_AAA7.zip,2023-05-01 02:01:45.462000+00:00,S1A_IW_SLC__1SDV_20230501T020145_20230501T020212_048334_05D022_AAA7,,Sentinel-1A,4587102639,e1a080bb5da0f54bbbd9eda5e23497c0,143,SENTINEL_1A_FRAME,48334,VV+VH,2023-05-01T02:01:45.462Z,C-SAR,S1A_IWDV_0142_0149_048334_137,003.61,S1A_IW_SLC__1SDV_20230501T020145_20230501T020212_048334_05D022_AAA7.zip,IW,2023-05-01,10TFP
153,"POLYGON ((-120.08049 43.89624, -119.632225 45.512455, -122.864441 45.906979, -123.220444 44.290485, -120.08049 43.89624))",44.9128,-121.4449,2023-04-29T14:14:49.815Z,S1A_IW_SLC__1SDV_20230429T141422_20230429T141449_048312_05CF70_90DD-SLC,DESCENDING,115,SLC,https://datapool.asf.alaska.edu/SLC/SA/S1A_IW_SLC__1SDV_20230429T141422_20230429T141449_048312_05CF70_90DD.zip,2023-04-29 14:14:22.854000+00:00,S1A_IW_SLC__1SDV_20230429T141422_20230429T141449_048312_05CF70_90DD,,Sentinel-1A,4545356982,3ff4e4566157640d66f5408420de0ed0,442,SENTINEL_1A_FRAME,48312,VV+VH,2023-04-29T14:14:22.854Z,C-SAR,S1A_IWDV_0442_0448_048312_115,003.61,S1A_IW_SLC__1SDV_20230429T141422_20230429T141449_048312_05CF70_90DD.zip,IW,2023-04-29,10TFP
158,"POLYGON ((-123.835274 45.56839, -123.38652 43.951244, -120.202271 44.349857, -120.557236 45.967251, -123.835274 45.56839))",44.9707,-122.0,2023-04-19T02:02:11.365Z,S1A_IW_SLC__1SDV_20230419T020144_20230419T020211_048159_05CA42_D1A1-SLC,ASCENDING,137,SLC,https://datapool.asf.alaska.edu/SLC/SA/S1A_IW_SLC__1SDV_20230419T020144_20230419T020211_048159_05CA42_D1A1.zip,2023-04-19 02:01:44.390000+00:00,S1A_IW_SLC__1SDV_20230419T020144_20230419T020211_048159_05CA42_D1A1,,Sentinel-1A,4577596653,f9a5f51262e49162bd7187b178904acf,143,SENTINEL_1A_FRAME,48159,VV+VH,2023-04-19T02:01:44.390Z,C-SAR,S1A_IWDV_0142_0149_048159_137,003.61,S1A_IW_SLC__1SDV_20230419T020144_20230419T020211_048159_05CA42_D1A1.zip,IW,2023-04-19,10TFP
161,"POLYGON ((-120.082161 43.895668, -119.634033 45.511662, -122.865822 45.906052, -123.221703 44.28978, -120.082161 43.895668))",44.912,-121.4464,2023-04-17T14:14:49.127Z,S1A_IW_SLC__1SDV_20230417T141422_20230417T141449_048137_05C990_427E-SLC,DESCENDING,115,SLC,https://datapool.asf.alaska.edu/SLC/SA/S1A_IW_SLC__1SDV_20230417T141422_20230417T141449_048137_05C990_427E.zip,2023-04-17 14:14:22.170000+00:00,S1A_IW_SLC__1SDV_20230417T141422_20230417T141449_048137_05C990_427E,,Sentinel-1A,4484658954,12d6b1fc0fe5785a835a214e58193dd0,442,SENTINEL_1A_FRAME,48137,VV+VH,2023-04-17T14:14:22.170Z,C-SAR,S1A_IWDV_0442_0448_048137_115,003.61,S1A_IW_SLC__1SDV_20230417T141422_20230417T141449_048137_05C990_427E.zip,IW,2023-04-17,10TFP
166,"POLYGON ((-123.837296 45.568371, -123.388519 43.951237, -120.204041 44.349888, -120.559013 45.967274, -123.837296 45.568371))",44.9707,-122.0019,2023-04-07T02:02:11.321Z,S1A_IW_SLC__1SDV_20230407T020144_20230407T020211_047984_05C45B_8991-SLC,ASCENDING,137,SLC,https://datapool.asf.alaska.edu/SLC/SA/S1A_IW_SLC__1SDV_20230407T020144_20230407T020211_047984_05C45B_8991.zip,2023-04-07 02:01:44.346000+00:00,S1A_IW_SLC__1SDV_20230407T020144_20230407T020211_047984_05C45B_8991,,Sentinel-1A,4688456697,1aa86001718c11256a44fb57d085990e,143,SENTINEL_1A_FRAME,47984,VV+VH,2023-04-07T02:01:44.346Z,C-SAR,S1A_IWDV_0142_0149_047984_137,003.61,S1A_IW_SLC__1SDV_20230407T020144_20230407T020211_047984_05C45B_8991.zip,IW,2023-04-07,10TFP
169,"POLYGON ((-120.081863 43.895462, -119.633614 45.511944, -122.865562 45.90633, -123.221527 44.28957, -120.081863 43.895462))",44.9121,-121.4461,2023-04-05T14:14:48.605Z,S1A_IW_SLC__1SDV_20230405T141421_20230405T141448_047962_05C3A6_DE2B-SLC,DESCENDING,115,SLC,https://datapool.asf.alaska.edu/SLC/SA/S1A_IW_SLC__1SDV_20230405T141421_20230405T141448_047962_05C3A6_DE2B.zip,2023-04-05 14:14:21.641000+00:00,S1A_IW_SLC__1SDV_20230405T141421_20230405T141448_047962_05C3A6_DE2B,,Sentinel-1A,4475324705,41290d322f2c3c4631b830ee5ae74fc6,442,SENTINEL_1A_FRAME,47962,VV+VH,2023-04-05T14:14:21.641Z,C-SAR,S1A_IWDV_0442_0448_047962_115,003.61,S1A_IW_SLC__1SDV_20230405T141421_20230405T141448_047962_05C3A6_DE2B.zip,IW,2023-04-05,10TFP
174,"POLYGON ((-123.839073 45.568668, -123.390221 43.951546, -120.205673 44.350281, -120.56073 45.967655, -123.839073 45.568668))",44.9711,-122.0036,2023-03-26T02:02:11.235Z,S1A_IW_SLC__1SDV_20230326T020144_20230326T020211_047809_05BE72_BF5D-SLC,ASCENDING,137,SLC,https://datapool.asf.alaska.edu/SLC/SA/S1A_IW_SLC__1SDV_20230326T020144_20230326T020211_047809_05BE72_BF5D.zip,2023-03-26 02:01:44.259000+00:00,S1A_IW_SLC__1SDV_20230326T020144_20230326T020211_047809_05BE72_BF5D,,Sentinel-1A,4561539481,b4bf0f4483a2c8159353788276e0b953,143,SENTINEL_1A_FRAME,47809,VV+VH,2023-03-26T02:01:44.259Z,C-SAR,S1A_IWDV_0142_0149_047809_137,003.52,S1A_IW_SLC__1SDV_20230326T020144_20230326T020211_047809_05BE72_BF5D.zip,IW,2023-03-26,10TFP
177,"POLYGON ((-120.081223 43.895134, -119.632935 45.511475, -122.865067 45.905952, -123.221069 44.28933, -120.081223 43.895134))",44.9117,-121.4456,2023-03-24T14:14:48.567Z,S1A_IW_SLC__1SDV_20230324T141421_20230324T141448_047787_05BDBE_A52D-SLC,DESCENDING,115,SLC,https://datapool.asf.alaska.edu/SLC/SA/S1A_IW_SLC__1SDV_20230324T141421_20230324T141448_047787_05BDBE_A52D.zip,2023-03-24 14:14:21.604000+00:00,S1A_IW_SLC__1SDV_20230324T141421_20230324T141448_047787_05BDBE_A52D,,Sentinel-1A,4474401938,c9b9d7d4294e584be73b0393481021ec,442,SENTINEL_1A_FRAME,47787,VV+VH,2023-03-24T14:14:21.604Z,C-SAR,S1A_IWDV_0442_0448_047787_115,003.52,S1A_IW_SLC__1SDV_20230324T141421_20230324T141448_047787_05BDBE_A52D.zip,IW,2023-03-24,10TFP
182,"POLYGON ((-123.838387 45.568718, -123.389557 43.951851, -120.204948 44.350624, -120.559982 45.967747, -123.838387 45.568718))",44.9713,-122.0029,2023-03-14T02:02:10.740Z,S1A_IW_SLC__1SDV_20230314T020143_20230314T020210_047634_05B88D_A5D9-SLC,ASCENDING,137,SLC,https://datapool.asf.alaska.edu/SLC/SA/S1A_IW_SLC__1SDV_20230314T020143_20230314T020210_047634_05B88D_A5D9.zip,2023-03-14 02:01:43.769000+00:00,S1A_IW_SLC__1SDV_20230314T020143_20230314T020210_047634_05B88D_A5D9,,Sentinel-1A,4615658759,277043b6eb5cbfd6cac2c1c46eae443e,143,SENTINEL_1A_FRAME,47634,VV+VH,2023-03-14T02:01:43.769Z,C-SAR,S1A_IWDV_0142_0149_047634_137,003.52,S1A_IW_SLC__1SDV_20230314T020143_20230314T020210_047634_05B88D_A5D9.zip,IW,2023-03-14,10TFP
185,"POLYGON ((-120.080338 43.894619, -119.632042 45.51083, -122.864105 45.905342, -123.220123 44.288853, -120.080338 43.894619))",44.9112,-121.4447,2023-03-12T14:14:48.348Z,S1A_IW_SLC__1SDV_20230312T141421_20230312T141448_047612_05B7D9_7C8D-SLC,DESCENDING,115,SLC,https://datapool.asf.alaska.edu/SLC/SA/S1A_IW_SLC__1SDV_20230312T141421_20230312T141448_047612_05B7D9_7C8D.zip,2023-03-12 14:14:21.387000+00:00,S1A_IW_SLC__1SDV_20230312T141421_20230312T141448_047612_05B7D9_7C8D,,Sentinel-1A,4516435285,79bba60b6dbccf8572bd4235343888b8,442,SENTINEL_1A_FRAME,47612,VV+VH,2023-03-12T14:14:21.387Z,C-SAR,S1A_IWDV_0442_0448_047612_115,003.52,S1A_IW_SLC__1SDV_20230312T141421_20230312T141448_047612_05B7D9_7C8D.zip,IW,2023-03-12,10TFP
190,"POLYGON ((-123.839401 45.569263, -123.390541 43.952274, -120.205849 44.351028, -120.560898 45.968273, -123.839401 45.569263))",44.9718,-122.0039,2023-03-02T02:02:10.998Z,S1A_IW_SLC__1SDV_20230302T020144_20230302T020210_047459_05B29F_67C9-SLC,ASCENDING,137,SLC,https://datapool.asf.alaska.edu/SLC/SA/S1A_IW_SLC__1SDV_20230302T020144_20230302T020210_047459_05B29F_67C9.zip,2023-03-02 02:01:44.025000+00:00,S1A_IW_SLC__1SDV_20230302T020144_20230302T020210_047459_05B29F_67C9,,Sentinel-1A,4581915259,f9a3af9948b421f38f8945627acdf33c,143,SENTINEL_1A_FRAME,47459,VV+VH,2023-03-02T02:01:44.025Z,C-SAR,S1A_IWDV_0142_0149_047459_137,003.52,S1A_IW_SLC__1SDV_20230302T020144_20230302T020210_047459_05B29F_67C9.zip,IW,2023-03-02,10TFP
193,"POLYGON ((-120.080551 43.894836, -119.632248 45.51104, -122.864487 45.905582, -123.220512 44.289097, -120.080551 43.894836))",44.9114,-121.445,2023-02-28T14:14:48.554Z,S1A_IW_SLC__1SDV_20230228T141421_20230228T141448_047437_05B1EF_C452-SLC,DESCENDING,115,SLC,https://datapool.asf.alaska.edu/SLC/SA/S1A_IW_SLC__1SDV_20230228T141421_20230228T141448_047437_05B1EF_C452.zip,2023-02-28 14:14:21.593000+00:00,S1A_IW_SLC__1SDV_20230228T141421_20230228T141448_047437_05B1EF_C452,,Sentinel-1A,4483651617,3859c5d049687023fc80d2af39c65d8c,442,SENTINEL_1A_FRAME,47437,VV+VH,2023-02-28T14:14:21.593Z,C-SAR,S1A_IWDV_0442_0448_047437_115,003.52,S1A_IW_SLC__1SDV_20230228T141421_20230228T141448_047437_05B1EF_C452.zip,IW,2023-02-28,10TFP
198,"POLYGON ((-123.837921 45.569553, -123.389053 43.952442, -120.20433 44.351166, -120.559372 45.968533, -123.837921 45.569553))",44.972,-122.0024,2023-02-18T02:02:10.805Z,S1A_IW_SLC__1SDV_20230218T020143_20230218T020210_047284_05ACB5_8F66-SLC,ASCENDING,137,SLC,https://datapool.asf.alaska.edu/SLC/SA/S1A_IW_SLC__1SDV_20230218T020143_20230218T020210_047284_05ACB5_8F66.zip,2023-02-18 02:01:43.830000+00:00,S1A_IW_SLC__1SDV_20230218T020143_20230218T020210_047284_05ACB5_8F66,,Sentinel-1A,4599382376,5714a2260470033331fd6e54fbe692cb,143,SENTINEL_1A_FRAME,47284,VV+VH,2023-02-18T02:01:43.830Z,C-SAR,S1A_IWDV_0142_0149_047284_137,003.52,S1A_IW_SLC__1SDV_20230218T020143_20230218T020210_047284_05ACB5_8F66.zip,IW,2023-02-18,10TFP
201,"POLYGON ((-120.078606 43.894459, -119.63031 45.510651, -122.862709 45.905205, -123.218719 44.288731, -120.078606 43.894459))",44.911,-121.4431,2023-02-16T14:14:48.202Z,S1A_IW_SLC__1SDV_20230216T141421_20230216T141448_047262_05ABFB_6FEB-SLC,DESCENDING,115,SLC,https://datapool.asf.alaska.edu/SLC/SA/S1A_IW_SLC__1SDV_20230216T141421_20230216T141448_047262_05ABFB_6FEB.zip,2023-02-16 14:14:21.242000+00:00,S1A_IW_SLC__1SDV_20230216T141421_20230216T141448_047262_05ABFB_6FEB,,Sentinel-1A,4465165733,927057f2b36895295213b54ccd216104,442,SENTINEL_1A_FRAME,47262,VV+VH,2023-02-16T14:14:21.242Z,C-SAR,S1A_IWDV_0442_0448_047262_115,003.52,S1A_IW_SLC__1SDV_20230216T141421_20230216T141448_047262_05ABFB_6FEB.zip,IW,2023-02-16,10TFP
206,"POLYGON ((-123.838051 45.569408, -123.389252 43.952415, -120.204559 44.351097, -120.559547 45.968346, -123.838051 45.569408))",44.9719,-122.0026,2023-02-06T02:02:11.198Z,S1A_IW_SLC__1SDV_20230206T020144_20230206T020211_047109_05A6CB_627C-SLC,ASCENDING,137,SLC,https://datapool.asf.alaska.edu/SLC/SA/S1A_IW_SLC__1SDV_20230206T020144_20230206T020211_047109_05A6CB_627C.zip,2023-02-06 02:01:44.225000+00:00,S1A_IW_SLC__1SDV_20230206T020144_20230206T020211_047109_05A6CB_627C,,Sentinel-1A,4655944812,0ff4c1805cf698c643f393ca02c8c742,143,SENTINEL_1A_FRAME,47109,VV+VH,2023-02-06T02:01:44.225Z,C-SAR,S1A_IWDV_0142_0149_047109_137,003.52,S1A_IW_SLC__1SDV_20230206T020144_20230206T020211_047109_05A6CB_627C.zip,IW,2023-02-06,10TFP
209,"POLYGON ((-120.08149 43.894871, -119.633255 45.51107, -122.865746 45.905567, -123.221687 44.289085, -120.08149 43.894871))",44.9114,-121.446,2023-02-04T14:14:48.836Z,S1A_IW_SLC__1SDV_20230204T141421_20230204T141448_047087_05A618_B5B0-SLC,DESCENDING,115,SLC,https://datapool.asf.alaska.edu/SLC/SA/S1A_IW_SLC__1SDV_20230204T141421_20230204T141448_047087_05A618_B5B0.zip,2023-02-04 14:14:21.875000+00:00,S1A_IW_SLC__1SDV_20230204T141421_20230204T141448_047087_05A618_B5B0,,Sentinel-1A,4591289903,fe9eeda64d3650253ffd331a26ec15d5,442,SENTINEL_1A_FRAME,47087,VV+VH,2023-02-04T14:14:21.875Z,C-SAR,S1A_IWDV_0442_0448_047087_115,003.52,S1A_IW_SLC__1SDV_20230204T141421_20230204T141448_047087_05A618_B5B0.zip,IW,2023-02-04,10TFP
214,"POLYGON ((-123.840042 45.569088, -123.391159 43.952103, -120.206474 44.350864, -120.561539 45.968105, -123.840042 45.569088))",44.9716,-122.0045,2023-01-25T02:02:11.786Z,S1A_IW_SLC__1SDV_20230125T020144_20230125T020211_046934_05A0F6_CB84-SLC,ASCENDING,137,SLC,https://datapool.asf.alaska.edu/SLC/SA/S1A_IW_SLC__1SDV_20230125T020144_20230125T020211_046934_05A0F6_CB84.zip,2023-01-25 02:01:44.813000+00:00,S1A_IW_SLC__1SDV_20230125T020144_20230125T020211_046934_05A0F6_CB84,,Sentinel-1A,4639483471,b274b2aa2588401de6f0f3149bfa1e2e,143,SENTINEL_1A_FRAME,46934,VV+VH,2023-01-25T02:01:44.813Z,C-SAR,S1A_IWDV_0143_0148_046934_137,003.52,S1A_IW_SLC__1SDV_20230125T020144_20230125T020211_046934_05A0F6_CB84.zip,IW,2023-01-25,10TFP
217,"POLYGON ((-120.080986 43.894569, -119.632629 45.511005, -122.865166 45.905556, -123.221214 44.288837, -120.080986 43.894569))",44.9112,-121.4455,2023-01-23T14:14:49.323Z,S1A_IW_SLC__1SDV_20230123T141422_20230123T141449_046912_05A043_05EE-SLC,DESCENDING,115,SLC,https://datapool.asf.alaska.edu/SLC/SA/S1A_IW_SLC__1SDV_20230123T141422_20230123T141449_046912_05A043_05EE.zip,2023-01-23 14:14:22.358000+00:00,S1A_IW_SLC__1SDV_20230123T141422_20230123T141449_046912_05A043_05EE,,Sentinel-1A,4485423777,d83749fdec3926c24c07888dbe3cab07,442,SENTINEL_1A_FRAME,46912,VV+VH,2023-01-23T14:14:22.358Z,C-SAR,S1A_IWDV_0442_0448_046912_115,003.52,S1A_IW_SLC__1SDV_20230123T141422_20230123T141449_046912_05A043_05EE.zip,IW,2023-01-23,10TFP
222,"POLYGON ((-123.838303 45.569145, -123.389397 43.952171, -120.204575 44.350967, -120.559662 45.968201, -123.838303 45.569145))",44.9717,-122.0027,2023-01-13T02:02:11.722Z,S1A_IW_SLC__1SDV_20230113T020144_20230113T020211_046759_059B08_70EE-SLC,ASCENDING,137,SLC,https://datapool.asf.alaska.edu/SLC/SA/S1A_IW_SLC__1SDV_20230113T020144_20230113T020211_046759_059B08_70EE.zip,2023-01-13 02:01:44.749000+00:00,S1A_IW_SLC__1SDV_20230113T020144_20230113T020211_046759_059B08_70EE,,Sentinel-1A,4721386433,7ef5bd2233085d2957b6c1d7c8858bfa,143,SENTINEL_1A_FRAME,46759,VV+VH,2023-01-13T02:01:44.749Z,C-SAR,S1A_IWDV_0142_0149_046759_137,003.52,S1A_IW_SLC__1SDV_20230113T020144_20230113T020211_046759_059B08_70EE.zip,IW,2023-01-13,10TFP
225,"POLYGON ((-120.078033 43.894917, -119.629692 45.511227, -122.862198 45.905792, -123.218246 44.2892, -120.078033 43.894917))",44.9115,-121.4425,2023-01-11T14:14:49.144Z,S1A_IW_SLC__1SDV_20230111T141422_20230111T141449_046737_059A5B_2380-SLC,DESCENDING,115,SLC,https://datapool.asf.alaska.edu/SLC/SA/S1A_IW_SLC__1SDV_20230111T141422_20230111T141449_046737_059A5B_2380.zip,2023-01-11 14:14:22.182000+00:00,S1A_IW_SLC__1SDV_20230111T141422_20230111T141449_046737_059A5B_2380,,Sentinel-1A,4580778715,d5f8e4ee28b60184353f2aa85064435a,442,SENTINEL_1A_FRAME,46737,VV+VH,2023-01-11T14:14:22.182Z,C-SAR,S1A_IWDV_0442_0448_046737_115,003.52,S1A_IW_SLC__1SDV_20230111T141422_20230111T141449_046737_059A5B_2380.zip,IW,2023-01-11,10TFP
230,"POLYGON ((-123.839745 45.569443, -123.390915 43.952713, -120.206078 44.351498, -120.561104 45.968483, -123.839745 45.569443))",44.9721,-122.0042,2023-01-01T02:02:12.768Z,S1A_IW_SLC__1SDV_20230101T020145_20230101T020212_046584_059528_4A7B-SLC,ASCENDING,137,SLC,https://datapool.asf.alaska.edu/SLC/SA/S1A_IW_SLC__1SDV_20230101T020145_20230101T020212_046584_059528_4A7B.zip,2023-01-01 02:01:45.799000+00:00,S1A_IW_SLC__1SDV_20230101T020145_20230101T020212_046584_059528_4A7B,,Sentinel-1A,4675202337,1ff9effefcdda0a3e7d431c70de91179,143,SENTINEL_1A_FRAME,46584,VV+VH,2023-01-01T02:01:45.799Z,C-SAR,S1A_IWDV_0143_0148_046584_137,003.52,S1A_IW_SLC__1SDV_20230101T020145_20230101T020212_046584_059528_4A7B.zip,IW,2023-01-01,10TFP
233,"POLYGON ((-120.079155 43.894722, -119.630844 45.510777, -122.863472 45.905399, -123.219498 44.289062, -120.079155 43.894722))",44.9112,-121.4437,2022-12-30T14:14:50.281Z,S1A_IW_SLC__1SDV_20221230T141423_20221230T141450_046562_059470_0422-SLC,DESCENDING,115,SLC,https://datapool.asf.alaska.edu/SLC/SA/S1A_IW_SLC__1SDV_20221230T141423_20221230T141450_046562_059470_0422.zip,2022-12-30 14:14:23.322000+00:00,S1A_IW_SLC__1SDV_20221230T141423_20221230T141450_046562_059470_0422,,Sentinel-1A,4685789901,6b870b41d5c639db9d2c340fa2a5336d,442,SENTINEL_1A_FRAME,46562,VV+VH,2022-12-30T14:14:23.322Z,C-SAR,S1A_IWDV_0442_0448_046562_115,003.52,S1A_IW_SLC__1SDV_20221230T141423_20221230T141450_046562_059470_0422.zip,IW,2022-12-30,10TFP
236,"POLYGON ((-123.837677 45.568829, -123.388901 43.952091, -120.204109 44.350822, -120.559082 45.967815, -123.837677 45.568829))",44.9714,-122.0021,2022-12-20T02:02:13.207Z,S1A_IW_SLC__1SDV_20221220T020146_20221220T020213_046409_058F3D_F771-SLC,ASCENDING,137,SLC,https://datapool.asf.alaska.edu/SLC/SA/S1A_IW_SLC__1SDV_20221220T020146_20221220T020213_046409_058F3D_F771.zip,2022-12-20 02:01:46.238000+00:00,S1A_IW_SLC__1SDV_20221220T020146_20221220T020213_046409_058F3D_F771,,Sentinel-1A,4585127989,1031912a83232e4eab18d7bd7aefa2d9,143,SENTINEL_1A_FRAME,46409,VV+VH,2022-12-20T02:01:46.238Z,C-SAR,S1A_IWDV_0142_0149_046409_137,003.52,S1A_IW_SLC__1SDV_20221220T020146_20221220T020213_046409_058F3D_F771.zip,IW,2022-12-20,10TFP
239,"POLYGON ((-120.078964 43.895378, -119.630646 45.511562, -122.863297 45.906147, -123.219315 44.28968, -120.078964 43.895378))",44.9119,-121.4436,2022-12-18T14:14:50.808Z,S1A_IW_SLC__1SDV_20221218T141423_20221218T141450_046387_058E8B_E47D-SLC,DESCENDING,115,SLC,https://datapool.asf.alaska.edu/SLC/SA/S1A_IW_SLC__1SDV_20221218T141423_20221218T141450_046387_058E8B_E47D.zip,2022-12-18 14:14:23.847000+00:00,S1A_IW_SLC__1SDV_20221218T141423_20221218T141450_046387_058E8B_E47D,,Sentinel-1A,4519585906,afa0b077074d8bfc39d381dd847c69e4,442,SENTINEL_1A_FRAME,46387,VV+VH,2022-12-18T14:14:23.847Z,C-SAR,S1A_IWDV_0442_0448_046387_115,003.52,S1A_IW_SLC__1SDV_20221218T141423_20221218T141450_046387_058E8B_E47D.zip,IW,2022-12-18,10TFP
244,"POLYGON ((-123.83857 45.569252, -123.389755 43.952263, -120.204979 44.350964, -120.559975 45.968208, -123.83857 45.569252))",44.9717,-122.003,2022-12-08T02:02:14.039Z,S1A_IW_SLC__1SDV_20221208T020147_20221208T020214_046234_058941_0CB7-SLC,ASCENDING,137,SLC,https://datapool.asf.alaska.edu/SLC/SA/S1A_IW_SLC__1SDV_20221208T020147_20221208T020214_046234_058941_0CB7.zip,2022-12-08 02:01:47.066000+00:00,S1A_IW_SLC__1SDV_20221208T020147_20221208T020214_046234_058941_0CB7,,Sentinel-1A,4533289046,bd94730aa5218cb2c57645b8bb19f3c9,143,SENTINEL_1A_FRAME,46234,VV+VH,2022-12-08T02:01:47.066Z,C-SAR,S1A_IWDV_0142_0149_046234_137,003.52,S1A_IW_SLC__1SDV_20221208T020147_20221208T020214_046234_058941_0CB7.zip,IW,2022-12-08,10TFP
247,"POLYGON ((-120.080894 43.895519, -119.632698 45.511463, -122.865326 45.905994, -123.221245 44.289768, -120.080894 43.895519))",44.9119,-121.4455,2022-12-06T14:14:51.648Z,S1A_IW_SLC__1SDV_20221206T141424_20221206T141451_046212_05888E_FCA0-SLC,DESCENDING,115,SLC,https://datapool.asf.alaska.edu/SLC/SA/S1A_IW_SLC__1SDV_20221206T141424_20221206T141451_046212_05888E_FCA0.zip,2022-12-06 14:14:24.692000+00:00,S1A_IW_SLC__1SDV_20221206T141424_20221206T141451_046212_05888E_FCA0,,Sentinel-1A,4479454435,db89c72c66619a30e9a70eb31b23f4c8,442,SENTINEL_1A_FRAME,46212,VV+VH,2022-12-06T14:14:24.692Z,C-SAR,S1A_IWDV_0442_0448_046212_115,003.52,S1A_IW_SLC__1SDV_20221206T141424_20221206T141451_046212_05888E_FCA0.zip,IW,2022-12-06,10TFP
252,"POLYGON ((-123.839897 45.568939, -123.391068 43.95195, -120.206345 44.350655, -120.561348 45.967903, -123.839897 45.568939))",44.9714,-122.0044,2022-11-26T02:02:14.785Z,S1A_IW_SLC__1SDV_20221126T020147_20221126T020214_046059_058344_6C8B-SLC,ASCENDING,137,SLC,https://datapool.asf.alaska.edu/SLC/SA/S1A_IW_SLC__1SDV_20221126T020147_20221126T020214_046059_058344_6C8B.zip,2022-11-26 02:01:47.812000+00:00,S1A_IW_SLC__1SDV_20221126T020147_20221126T020214_046059_058344_6C8B,,Sentinel-1A,4646375591,8a3e376f5bf1489af063f9180d88f9e1,143,SENTINEL_1A_FRAME,46059,VV+VH,2022-11-26T02:01:47.812Z,C-SAR,S1A_IWDV_0142_0149_046059_137,003.52,S1A_IW_SLC__1SDV_20221126T020147_20221126T020214_046059_058344_6C8B.zip,IW,2022-11-26,10TFP
255,"POLYGON ((-120.082436 43.89542, -119.634254 45.511364, -122.866852 45.905884, -123.222755 44.289654, -120.082436 43.89542))",44.9118,-121.4471,2022-11-24T14:14:52.410Z,S1A_IW_SLC__1SDV_20221124T141425_20221124T141452_046037_058292_34A3-SLC,DESCENDING,115,SLC,https://datapool.asf.alaska.edu/SLC/SA/S1A_IW_SLC__1SDV_20221124T141425_20221124T141452_046037_058292_34A3.zip,2022-11-24 14:14:25.454000+00:00,S1A_IW_SLC__1SDV_20221124T141425_20221124T141452_046037_058292_34A3,,Sentinel-1A,4524347844,35b9dd124c686d7542f669ec7f753314,442,SENTINEL_1A_FRAME,46037,VV+VH,2022-11-24T14:14:25.454Z,C-SAR,S1A_IWDV_0442_0448_046037_115,003.52,S1A_IW_SLC__1SDV_20221124T141425_20221124T141452_046037_058292_34A3.zip,IW,2022-11-24,10TFP
260,"POLYGON ((-123.839188 45.56897, -123.390274 43.951862, -120.205513 44.350636, -120.5606 45.967999, -123.839188 45.56897))",44.9714,-122.0036,2022-11-14T02:02:14.666Z,S1A_IW_SLC__1SDV_20221114T020147_20221114T020214_045884_057D5F_38BD-SLC,ASCENDING,137,SLC,https://datapool.asf.alaska.edu/SLC/SA/S1A_IW_SLC__1SDV_20221114T020147_20221114T020214_045884_057D5F_38BD.zip,2022-11-14 02:01:47.691000+00:00,S1A_IW_SLC__1SDV_20221114T020147_20221114T020214_045884_057D5F_38BD,,Sentinel-1A,4566640857,df59cb75c71cd9e5450fedba6c95d9b2,143,SENTINEL_1A_FRAME,45884,VV+VH,2022-11-14T02:01:47.691Z,C-SAR,S1A_IWDV_0142_0149_045884_137,003.52,S1A_IW_SLC__1SDV_20221114T020147_20221114T020214_045884_057D5F_38BD.zip,IW,2022-11-14,10TFP
263,"POLYGON ((-120.079414 43.895462, -119.631149 45.511528, -122.863739 45.906097, -123.219727 44.289749, -120.079414 43.895462))",44.912,-121.444,2022-11-12T14:14:52.151Z,S1A_IW_SLC__1SDV_20221112T141425_20221112T141452_045862_057CAD_B1C3-SLC,DESCENDING,115,SLC,https://datapool.asf.alaska.edu/SLC/SA/S1A_IW_SLC__1SDV_20221112T141425_20221112T141452_045862_057CAD_B1C3.zip,2022-11-12 14:14:25.193000+00:00,S1A_IW_SLC__1SDV_20221112T141425_20221112T141452_045862_057CAD_B1C3,,Sentinel-1A,4492074974,19c654c07543cbe1492590a7e3070e8e,442,SENTINEL_1A_FRAME,45862,VV+VH,2022-11-12T14:14:25.193Z,C-SAR,S1A_IWDV_0442_0448_045862_115,003.52,S1A_IW_SLC__1SDV_20221112T141425_20221112T141452_045862_057CAD_B1C3.zip,IW,2022-11-12,10TFP
268,"POLYGON ((-123.838173 45.568943, -123.389305 43.951954, -120.204704 44.350693, -120.559761 45.967941, -123.838173 45.568943))",44.9714,-122.0027,2022-11-02T02:02:14.792Z,S1A_IW_SLC__1SDV_20221102T020147_20221102T020214_045709_057770_2610-SLC,ASCENDING,137,SLC,https://datapool.asf.alaska.edu/SLC/SA/S1A_IW_SLC__1SDV_20221102T020147_20221102T020214_045709_057770_2610.zip,2022-11-02 02:01:47.819000+00:00,S1A_IW_SLC__1SDV_20221102T020147_20221102T020214_045709_057770_2610,,Sentinel-1A,4694649113,9cd399db314edf1c066ff66503a612e9,143,SENTINEL_1A_FRAME,45709,VV+VH,2022-11-02T02:01:47.819Z,C-SAR,S1A_IWDV_0142_0149_045709_137,003.52,S1A_IW_SLC__1SDV_20221102T020147_20221102T020214_045709_057770_2610.zip,IW,2022-11-02,10TFP
271,"POLYGON ((-120.079956 43.895061, -119.631714 45.511005, -122.864151 45.905575, -123.220123 44.289349, -120.079956 43.895061))",44.9115,-121.4445,2022-10-31T14:14:52.505Z,S1A_IW_SLC__1SDV_20221031T141425_20221031T141452_045687_0576C6_E383-SLC,DESCENDING,115,SLC,https://datapool.asf.alaska.edu/SLC/SA/S1A_IW_SLC__1SDV_20221031T141425_20221031T141452_045687_0576C6_E383.zip,2022-10-31 14:14:25.549000+00:00,S1A_IW_SLC__1SDV_20221031T141425_20221031T141452_045687_0576C6_E383,,Sentinel-1A,4551492565,dc8270000f25b702d99d80fb83d62062,442,SENTINEL_1A_FRAME,45687,VV+VH,2022-10-31T14:14:25.549Z,C-SAR,S1A_IWDV_0442_0448_045687_115,003.52,S1A_IW_SLC__1SDV_20221031T141425_20221031T141452_045687_0576C6_E383.zip,IW,2022-10-31,10TFP
276,"POLYGON ((-123.837555 45.56913, -123.388672 43.952015, -120.204094 44.350742, -120.559158 45.968117, -123.837555 45.56913))",44.9716,-122.0021,2022-10-21T02:02:14.978Z,S1A_IW_SLC__1SDV_20221021T020148_20221021T020214_045534_057186_747F-SLC,ASCENDING,137,SLC,https://datapool.asf.alaska.edu/SLC/SA/S1A_IW_SLC__1SDV_20221021T020148_20221021T020214_045534_057186_747F.zip,2022-10-21 02:01:48.003000+00:00,S1A_IW_SLC__1SDV_20221021T020148_20221021T020214_045534_057186_747F,,Sentinel-1A,4570404019,cacc2ba0c71373875192c43229234911,143,SENTINEL_1A_FRAME,45534,VV+VH,2022-10-21T02:01:48.003Z,C-SAR,S1A_IWDV_0142_0149_045534_137,003.52,S1A_IW_SLC__1SDV_20221021T020148_20221021T020214_045534_057186_747F.zip,IW,2022-10-21,10TFP
282,"POLYGON ((-123.836922 45.569157, -123.388123 43.952148, -120.203636 44.350815, -120.558624 45.968075, -123.836922 45.569157))",44.9716,-122.0015,2022-10-09T02:02:15.157Z,S1A_IW_SLC__1SDV_20221009T020148_20221009T020215_045359_056C59_1DAA-SLC,ASCENDING,137,SLC,https://datapool.asf.alaska.edu/SLC/SA/S1A_IW_SLC__1SDV_20221009T020148_20221009T020215_045359_056C59_1DAA.zip,2022-10-09 02:01:48.184000+00:00,S1A_IW_SLC__1SDV_20221009T020148_20221009T020215_045359_056C59_1DAA,,Sentinel-1A,4573772073,104c9923020b0e755d638797da4d2eb8,143,SENTINEL_1A_FRAME,45359,VV+VH,2022-10-09T02:01:48.184Z,C-SAR,S1A_IWDV_0142_0149_045359_137,003.52,S1A_IW_SLC__1SDV_20221009T020148_20221009T020215_045359_056C59_1DAA.zip,IW,2022-10-09,10TFP
285,"POLYGON ((-120.079399 43.895077, -119.631134 45.511276, -122.863586 45.905811, -123.219574 44.28933, -120.079399 43.895077))",44.9116,-121.4439,2022-10-07T14:14:52.548Z,S1A_IW_SLC__1SDV_20221007T141425_20221007T141452_045337_056BA9_AA47-SLC,DESCENDING,115,SLC,https://datapool.asf.alaska.edu/SLC/SA/S1A_IW_SLC__1SDV_20221007T141425_20221007T141452_045337_056BA9_AA47.zip,2022-10-07 14:14:25.587000+00:00,S1A_IW_SLC__1SDV_20221007T141425_20221007T141452_045337_056BA9_AA47,,Sentinel-1A,4525364122,9c10bb2827f2ec3405e8c74ac88eb541,442,SENTINEL_1A_FRAME,45337,VV+VH,2022-10-07T14:14:25.587Z,C-SAR,S1A_IWDV_0442_0448_045337_115,003.52,S1A_IW_SLC__1SDV_20221007T141425_20221007T141452_045337_056BA9_AA47.zip,IW,2022-10-07,10TFP
290,"POLYGON ((-123.8368 45.569038, -123.388 43.95203, -120.203545 44.350697, -120.55854 45.96796, -123.8368 45.569038))",44.9715,-122.0014,2022-09-27T02:02:14.894Z,S1A_IW_SLC__1SDV_20220927T020147_20220927T020214_045184_05667F_93F0-SLC,ASCENDING,137,SLC,https://datapool.asf.alaska.edu/SLC/SA/S1A_IW_SLC__1SDV_20220927T020147_20220927T020214_045184_05667F_93F0.zip,2022-09-27 02:01:47.921000+00:00,S1A_IW_SLC__1SDV_20220927T020147_20220927T020214_045184_05667F_93F0,,Sentinel-1A,4574033713,eb4ccb2fbc5bf9b626d04c359f650e15,143,SENTINEL_1A_FRAME,45184,VV+VH,2022-09-27T02:01:47.921Z,C-SAR,S1A_IWDV_0142_0149_045184_137,003.52,S1A_IW_SLC__1SDV_20220927T020147_20220927T020214_045184_05667F_93F0.zip,IW,2022-09-27,10TFP
293,"POLYGON ((-120.078674 43.895687, -119.630432 45.51189, -122.862915 45.90641, -123.21888 44.289928, -120.078674 43.895687))",44.9122,-121.4432,2022-09-25T14:14:52.123Z,S1A_IW_SLC__1SDV_20220925T141425_20220925T141452_045162_0565D0_DD82-SLC,DESCENDING,115,SLC,https://datapool.asf.alaska.edu/SLC/SA/S1A_IW_SLC__1SDV_20220925T141425_20220925T141452_045162_0565D0_DD82.zip,2022-09-25 14:14:25.162000+00:00,S1A_IW_SLC__1SDV_20220925T141425_20220925T141452_045162_0565D0_DD82,,Sentinel-1A,4504221915,173318e1a7daff13fa0774bc140ca8ed,442,SENTINEL_1A_FRAME,45162,VV+VH,2022-09-25T14:14:25.162Z,C-SAR,S1A_IWDV_0442_0448_045162_115,003.52,S1A_IW_SLC__1SDV_20220925T141425_20220925T141452_045162_0565D0_DD82.zip,IW,2022-09-25,10TFP
298,"POLYGON ((-123.838242 45.56863, -123.389435 43.951611, -120.205269 44.350262, -120.56028 45.967533, -123.838242 45.56863))",44.9711,-122.003,2022-09-15T02:02:14.834Z,S1A_IW_SLC__1SDV_20220915T020147_20220915T020214_045009_05609A_8D7F-SLC,ASCENDING,137,SLC,https://datapool.asf.alaska.edu/SLC/SA/S1A_IW_SLC__1SDV_20220915T020147_20220915T020214_045009_05609A_8D7F.zip,2022-09-15 02:01:47.861000+00:00,S1A_IW_SLC__1SDV_20220915T020147_20220915T020214_045009_05609A_8D7F,,Sentinel-1A,4572512276,c5330553d0244a149896f7c14ed9fe6c,143,SENTINEL_1A_FRAME,45009,VV+VH,2022-09-15T02:01:47.861Z,C-SAR,S1A_IWDV_0143_0148_045009_137,003.52,S1A_IW_SLC__1SDV_20220915T020147_20220915T020214_045009_05609A_8D7F.zip,IW,2022-09-15,10TFP
301,"POLYGON ((-120.08152 43.895817, -119.633286 45.512028, -122.865593 45.906525, -123.221558 44.290031, -120.08152 43.895817))",44.9123,-121.446,2022-09-13T14:14:52.358Z,S1A_IW_SLC__1SDV_20220913T141425_20220913T141452_044987_055FE7_8F38-SLC,DESCENDING,115,SLC,https://datapool.asf.alaska.edu/SLC/SA/S1A_IW_SLC__1SDV_20220913T141425_20220913T141452_044987_055FE7_8F38.zip,2022-09-13 14:14:25.397000+00:00,S1A_IW_SLC__1SDV_20220913T141425_20220913T141452_044987_055FE7_8F38,,Sentinel-1A,4523151007,475f7e5408512c27edbe5ea81dd430bb,442,SENTINEL_1A_FRAME,44987,VV+VH,2022-09-13T14:14:25.397Z,C-SAR,S1A_IWDV_0442_0448_044987_115,003.52,S1A_IW_SLC__1SDV_20220913T141425_20220913T141452_044987_055FE7_8F38.zip,IW,2022-09-13,10TFP
306,"POLYGON ((-123.839966 45.568287, -123.391113 43.951145, -120.20697 44.349834, -120.562035 45.967228, -123.839966 45.568287))",44.9707,-122.0047,2022-09-03T02:02:14.595Z,S1A_IW_SLC__1SDV_20220903T020147_20220903T020214_044834_055AB9_E958-SLC,ASCENDING,137,SLC,https://datapool.asf.alaska.edu/SLC/SA/S1A_IW_SLC__1SDV_20220903T020147_20220903T020214_044834_055AB9_E958.zip,2022-09-03 02:01:47.620000+00:00,S1A_IW_SLC__1SDV_20220903T020147_20220903T020214_044834_055AB9_E958,,Sentinel-1A,4600364418,d27ed032df2f41ac06f4abbbe23c1bf9,143,SENTINEL_1A_FRAME,44834,VV+VH,2022-09-03T02:01:47.620Z,C-SAR,S1A_IWDV_0142_0149_044834_137,003.52,S1A_IW_SLC__1SDV_20220903T020147_20220903T020214_044834_055AB9_E958.zip,IW,2022-09-03,10TFP
309,"POLYGON ((-120.081741 43.895309, -119.633415 45.511772, -122.865562 45.906281, -123.221611 44.289536, -120.081741 43.895309))",44.912,-121.4461,2022-09-01T14:14:51.910Z,S1A_IW_SLC__1SDV_20220901T141424_20220901T141451_044812_055A08_6655-SLC,DESCENDING,115,SLC,https://datapool.asf.alaska.edu/SLC/SA/S1A_IW_SLC__1SDV_20220901T141424_20220901T141451_044812_055A08_6655.zip,2022-09-01 14:14:24.945000+00:00,S1A_IW_SLC__1SDV_20220901T141424_20220901T141451_044812_055A08_6655,,Sentinel-1A,4538872189,eea20702c545a6577f03df9b928f6b59,442,SENTINEL_1A_FRAME,44812,VV+VH,2022-09-01T14:14:24.945Z,C-SAR,S1A_IWDV_0442_0448_044812_115,003.52,S1A_IW_SLC__1SDV_20220901T141424_20220901T141451_044812_055A08_6655.zip,IW,2022-09-01,10TFP
314,"POLYGON ((-123.837326 45.568645, -123.388489 43.95137, -120.204414 44.349987, -120.559456 45.967514, -123.837326 45.568645))",44.9709,-122.0021,2022-08-22T02:02:13.790Z,S1A_IW_SLC__1SDV_20220822T020146_20220822T020213_044659_0554D1_DD83-SLC,ASCENDING,137,SLC,https://datapool.asf.alaska.edu/SLC/SA/S1A_IW_SLC__1SDV_20220822T020146_20220822T020213_044659_0554D1_DD83.zip,2022-08-22 02:01:46.813000+00:00,S1A_IW_SLC__1SDV_20220822T020146_20220822T020213_044659_0554D1_DD83,,Sentinel-1A,4611817120,d4f1bf7639e0b99394a87f3953451b64,143,SENTINEL_1A_FRAME,44659,VV+VH,2022-08-22T02:01:46.813Z,C-SAR,S1A_IWDV_0142_0149_044659_137,003.52,S1A_IW_SLC__1SDV_20220822T020146_20220822T020213_044659_0554D1_DD83.zip,IW,2022-08-22,10TFP
317,"POLYGON ((-120.081047 43.895557, -119.632812 45.511772, -122.865036 45.906269, -123.221001 44.289776, -120.081047 43.895557))",44.9121,-121.4455,2022-08-20T14:14:51.225Z,S1A_IW_SLC__1SDV_20220820T141424_20220820T141451_044637_055421_2B00-SLC,DESCENDING,115,SLC,https://datapool.asf.alaska.edu/SLC/SA/S1A_IW_SLC__1SDV_20220820T141424_20220820T141451_044637_055421_2B00.zip,2022-08-20 14:14:24.264000+00:00,S1A_IW_SLC__1SDV_20220820T141424_20220820T141451_044637_055421_2B00,,Sentinel-1A,4548268437,ebcb91fca358eac7230c23432b7df28a,442,SENTINEL_1A_FRAME,44637,VV+VH,2022-08-20T14:14:24.264Z,C-SAR,S1A_IWDV_0442_0448_044637_115,003.52,S1A_IW_SLC__1SDV_20220820T141424_20220820T141451_044637_055421_2B00.zip,IW,2022-08-20,10TFP
322,"POLYGON ((-123.837608 45.568737, -123.388786 43.951595, -120.204575 44.350243, -120.559593 45.967636, -123.837608 45.568737))",44.9711,-122.0023,2022-08-10T02:02:13.170Z,S1A_IW_SLC__1SDV_20220810T020146_20220810T020213_044484_054EF0_9BF4-SLC,ASCENDING,137,SLC,https://datapool.asf.alaska.edu/SLC/SA/S1A_IW_SLC__1SDV_20220810T020146_20220810T020213_044484_054EF0_9BF4.zip,2022-08-10 02:01:46.195000+00:00,S1A_IW_SLC__1SDV_20220810T020146_20220810T020213_044484_054EF0_9BF4,,Sentinel-1A,4653582180,42da4940841ce29c4dd62eba4e1bac88,143,SENTINEL_1A_FRAME,44484,VV+VH,2022-08-10T02:01:46.195Z,C-SAR,S1A_IWDV_0142_0149_044484_137,003.52,S1A_IW_SLC__1SDV_20220810T020146_20220810T020213_044484_054EF0_9BF4.zip,IW,2022-08-10,10TFP
325,"POLYGON ((-120.081177 43.895332, -119.632881 45.511677, -122.864975 45.906178, -123.220993 44.289555, -120.081177 43.895332))",44.9119,-121.4455,2022-08-08T14:14:50.606Z,S1A_IW_SLC__1SDV_20220808T141423_20220808T141450_044462_054E42_AFC1-SLC,DESCENDING,115,SLC,https://datapool.asf.alaska.edu/SLC/SA/S1A_IW_SLC__1SDV_20220808T141423_20220808T141450_044462_054E42_AFC1.zip,2022-08-08 14:14:23.643000+00:00,S1A_IW_SLC__1SDV_20220808T141423_20220808T141450_044462_054E42_AFC1,,Sentinel-1A,4559649727,d6fcb61b8835bd8d8de4b8066c877b42,442,SENTINEL_1A_FRAME,44462,VV+VH,2022-08-08T14:14:23.643Z,C-SAR,S1A_IWDV_0442_0448_044462_115,003.52,S1A_IW_SLC__1SDV_20220808T141423_20220808T141450_044462_054E42_AFC1.zip,IW,2022-08-08,10TFP
330,"POLYGON ((-123.835945 45.569096, -123.387177 43.951946, -120.202995 44.350529, -120.557968 45.96793, -123.835945 45.569096))",44.9714,-122.0007,2022-07-29T02:02:12.354Z,S1A_IW_SLC__1SDV_20220729T020145_20220729T020212_044309_0549BF_B20E-SLC,ASCENDING,137,SLC,https://datapool.asf.alaska.edu/SLC/SA/S1A_IW_SLC__1SDV_20220729T020145_20220729T020212_044309_0549BF_B20E.zip,2022-07-29 02:01:45.379000+00:00,S1A_IW_SLC__1SDV_20220729T020145_20220729T020212_044309_0549BF_B20E,,Sentinel-1A,4647648897,fb768fe22547f62a64acb6ba90b092dd,143,SENTINEL_1A_FRAME,44309,VV+VH,2022-07-29T02:01:45.379Z,C-SAR,S1A_IWDV_0142_0149_044309_137,003.52,S1A_IW_SLC__1SDV_20220729T020145_20220729T020212_044309_0549BF_B20E.zip,IW,2022-07-29,10TFP
333,"POLYGON ((-120.080391 43.895752, -119.632195 45.511848, -122.864319 45.906319, -123.220253 44.289944, -120.080391 43.895752))",44.9122,-121.4448,2022-07-27T14:14:49.690Z,S1A_IW_SLC__1SDV_20220727T141422_20220727T141449_044287_054929_9A5B-SLC,DESCENDING,115,SLC,https://datapool.asf.alaska.edu/SLC/SA/S1A_IW_SLC__1SDV_20220727T141422_20220727T141449_044287_054929_9A5B.zip,2022-07-27 14:14:22.731000+00:00,S1A_IW_SLC__1SDV_20220727T141422_20220727T141449_044287_054929_9A5B,,Sentinel-1A,4582571917,78a261d39c08d47930bc4ce6c9c23ce1,442,SENTINEL_1A_FRAME,44287,VV+VH,2022-07-27T14:14:22.731Z,C-SAR,S1A_IWDV_0442_0448_044287_115,003.52,S1A_IW_SLC__1SDV_20220727T141422_20220727T141449_044287_054929_9A5B.zip,IW,2022-07-27,10TFP
338,"POLYGON ((-123.837349 45.568741, -123.388527 43.951595, -120.204376 44.350231, -120.559395 45.967632, -123.837349 45.568741))",44.9711,-122.0021,2022-07-17T02:02:11.698Z,S1A_IW_SLC__1SDV_20220717T020144_20220717T020211_044134_054494_C8BA-SLC,ASCENDING,137,SLC,https://datapool.asf.alaska.edu/SLC/SA/S1A_IW_SLC__1SDV_20220717T020144_20220717T020211_044134_054494_C8BA.zip,2022-07-17 02:01:44.723000+00:00,S1A_IW_SLC__1SDV_20220717T020144_20220717T020211_044134_054494_C8BA,,Sentinel-1A,4631533869,b415f7af8aa072ebdd4f9edc34c5191d,143,SENTINEL_1A_FRAME,44134,VV+VH,2022-07-17T02:01:44.723Z,C-SAR,S1A_IWDV_0142_0149_044134_137,003.52,S1A_IW_SLC__1SDV_20220717T020144_20220717T020211_044134_054494_C8BA.zip,IW,2022-07-17,10TFP
341,"POLYGON ((-120.080734 43.895641, -119.632523 45.51186, -122.864777 45.906334, -123.220718 44.289837, -120.080734 43.895641))",44.9122,-121.4452,2022-07-15T14:14:48.987Z,S1A_IW_SLC__1SDV_20220715T141422_20220715T141448_044112_0543F0_43C1-SLC,DESCENDING,115,SLC,https://datapool.asf.alaska.edu/SLC/SA/S1A_IW_SLC__1SDV_20220715T141422_20220715T141448_044112_0543F0_43C1.zip,2022-07-15 14:14:22.027000+00:00,S1A_IW_SLC__1SDV_20220715T141422_20220715T141448_044112_0543F0_43C1,,Sentinel-1A,4569916252,312db0ec5bb2c8b9744abf79f93976a6,442,SENTINEL_1A_FRAME,44112,VV+VH,2022-07-15T14:14:22.027Z,C-SAR,S1A_IWDV_0442_0448_044112_115,003.52,S1A_IW_SLC__1SDV_20220715T141422_20220715T141448_044112_0543F0_43C1.zip,IW,2022-07-15,10TFP
346,"POLYGON ((-123.837975 45.568851, -123.389114 43.951591, -120.204842 44.350258, -120.559891 45.967773, -123.837975 45.568851))",44.9712,-122.0027,2022-07-05T02:02:10.905Z,S1A_IW_SLC__1SDV_20220705T020143_20220705T020210_043959_053F58_7AC3-SLC,ASCENDING,137,SLC,https://datapool.asf.alaska.edu/SLC/SA/S1A_IW_SLC__1SDV_20220705T020143_20220705T020210_043959_053F58_7AC3.zip,2022-07-05 02:01:43.928000+00:00,S1A_IW_SLC__1SDV_20220705T020143_20220705T020210_043959_053F58_7AC3,,Sentinel-1A,4642839553,455529aa7f0724518ee34d38be660e27,143,SENTINEL_1A_FRAME,43959,VV+VH,2022-07-05T02:01:43.928Z,C-SAR,S1A_IWDV_0142_0149_043959_137,003.52,S1A_IW_SLC__1SDV_20220705T020143_20220705T020210_043959_053F58_7AC3.zip,IW,2022-07-05,10TFP
349,"POLYGON ((-120.081322 43.895687, -119.633095 45.511913, -122.865158 45.906368, -123.221115 44.289864, -120.081322 43.895687))",44.9122,-121.4457,2022-07-03T14:14:48.295Z,S1A_IW_SLC__1SDV_20220703T141421_20220703T141448_043937_053EB3_4208-SLC,DESCENDING,115,SLC,https://datapool.asf.alaska.edu/SLC/SA/S1A_IW_SLC__1SDV_20220703T141421_20220703T141448_043937_053EB3_4208.zip,2022-07-03 14:14:21.334000+00:00,S1A_IW_SLC__1SDV_20220703T141421_20220703T141448_043937_053EB3_4208,,Sentinel-1A,4597575434,35ef85f8f503688167d8a1a998a40022,442,SENTINEL_1A_FRAME,43937,VV+VH,2022-07-03T14:14:21.334Z,C-SAR,S1A_IWDV_0442_0448_043937_115,003.52,S1A_IW_SLC__1SDV_20220703T141421_20220703T141448_043937_053EB3_4208.zip,IW,2022-07-03,10TFP
354,"POLYGON ((-123.838051 45.569527, -123.389214 43.952385, -120.204979 44.351036, -120.560013 45.968433, -123.838051 45.569527))",44.9719,-122.0028,2022-06-23T02:02:10.264Z,S1A_IW_SLC__1SDV_20220623T020143_20220623T020210_043784_053A26_0CDD-SLC,ASCENDING,137,SLC,https://datapool.asf.alaska.edu/SLC/SA/S1A_IW_SLC__1SDV_20220623T020143_20220623T020210_043784_053A26_0CDD.zip,2022-06-23 02:01:43.288000+00:00,S1A_IW_SLC__1SDV_20220623T020143_20220623T020210_043784_053A26_0CDD,,Sentinel-1A,4683371567,7e2afc5dc8b2772a0ce5af2e02b89263,143,SENTINEL_1A_FRAME,43784,VV+VH,2022-06-23T02:01:43.288Z,C-SAR,S1A_IWDV_0142_0149_043784_137,003.52,S1A_IW_SLC__1SDV_20220623T020143_20220623T020210_043784_053A26_0CDD.zip,IW,2022-06-23,10TFP
357,"POLYGON ((-120.080612 43.895012, -119.632355 45.511227, -122.864502 45.905739, -123.220497 44.289242, -120.080612 43.895012))",44.9115,-121.445,2022-06-21T14:14:47.633Z,S1A_IW_SLC__1SDV_20220621T141420_20220621T141447_043762_053984_C409-SLC,DESCENDING,115,SLC,https://datapool.asf.alaska.edu/SLC/SA/S1A_IW_SLC__1SDV_20220621T141420_20220621T141447_043762_053984_C409.zip,2022-06-21 14:14:20.672000+00:00,S1A_IW_SLC__1SDV_20220621T141420_20220621T141447_043762_053984_C409,,Sentinel-1A,4587204576,445add71446821ad48d1452ba3b5ebbc,442,SENTINEL_1A_FRAME,43762,VV+VH,2022-06-21T14:14:20.672Z,C-SAR,S1A_IWDV_0443_0448_043762_115,003.52,S1A_IW_SLC__1SDV_20220621T141420_20220621T141447_043762_053984_C409.zip,IW,2022-06-21,10TFP
362,"POLYGON ((-123.838539 45.569923, -123.389671 43.952656, -120.20546 44.351292, -120.560516 45.968815, -123.838539 45.569923))",44.9722,-122.0032,2022-06-11T02:02:09.588Z,S1A_IW_SLC__1SDV_20220611T020142_20220611T020209_043609_0534E5_75BD-SLC,ASCENDING,137,SLC,https://datapool.asf.alaska.edu/SLC/SA/S1A_IW_SLC__1SDV_20220611T020142_20220611T020209_043609_0534E5_75BD.zip,2022-06-11 02:01:42.611000+00:00,S1A_IW_SLC__1SDV_20220611T020142_20220611T020209_043609_0534E5_75BD,,Sentinel-1A,4710580250,3f2f80388a3431059b7414c95f999cc6,143,SENTINEL_1A_FRAME,43609,VV+VH,2022-06-11T02:01:42.611Z,C-SAR,S1A_IWDV_0142_0149_043609_137,003.52,S1A_IW_SLC__1SDV_20220611T020142_20220611T020209_043609_0534E5_75BD.zip,IW,2022-06-11,10TFP
365,"POLYGON ((-120.081047 43.894642, -119.632721 45.511097, -122.864906 45.905624, -123.220963 44.288891, -120.081047 43.894642))",44.9113,-121.4454,2022-06-09T14:14:46.949Z,S1A_IW_SLC__1SDV_20220609T141419_20220609T141446_043587_053442_5374-SLC,DESCENDING,115,SLC,https://datapool.asf.alaska.edu/SLC/SA/S1A_IW_SLC__1SDV_20220609T141419_20220609T141446_043587_053442_5374.zip,2022-06-09 14:14:19.984000+00:00,S1A_IW_SLC__1SDV_20220609T141419_20220609T141446_043587_053442_5374,,Sentinel-1A,4587067640,5953c4b603ba1ea6e81238896756bc9a,442,SENTINEL_1A_FRAME,43587,VV+VH,2022-06-09T14:14:19.984Z,C-SAR,S1A_IWDV_0442_0448_043587_115,003.52,S1A_IW_SLC__1SDV_20220609T141419_20220609T141446_043587_053442_5374.zip,IW,2022-06-09,10TFP
370,"POLYGON ((-123.837669 45.568638, -123.388916 43.95174, -120.204681 44.350388, -120.559647 45.967537, -123.837669 45.568638))",44.9711,-122.0024,2022-05-30T02:02:08.618Z,S1A_IW_SLC__1SDV_20220530T020141_20220530T020208_043434_052FB9_7382-SLC,ASCENDING,137,SLC,https://datapool.asf.alaska.edu/SLC/SA/S1A_IW_SLC__1SDV_20220530T020141_20220530T020208_043434_052FB9_7382.zip,2022-05-30 02:01:41.648000+00:00,S1A_IW_SLC__1SDV_20220530T020141_20220530T020208_043434_052FB9_7382,,Sentinel-1A,4652432744,afacc95b84e07b098a14b2aa559953cd,143,SENTINEL_1A_FRAME,43434,VV+VH,2022-05-30T02:01:41.648Z,C-SAR,S1A_IWDV_0142_0149_043434_137,003.52,S1A_IW_SLC__1SDV_20220530T020141_20220530T020208_043434_052FB9_7382.zip,IW,2022-05-30,10TFP
376,"POLYGON ((-123.835556 45.568939, -123.386749 43.95179, -120.202644 44.350414, -120.557663 45.967819, -123.835556 45.568939))",44.9713,-122.0003,2022-05-18T02:02:07.391Z,S1A_IW_SLC__1SDV_20220518T020140_20220518T020207_043259_052A8D_146A-SLC,ASCENDING,137,SLC,https://datapool.asf.alaska.edu/SLC/SA/S1A_IW_SLC__1SDV_20220518T020140_20220518T020207_043259_052A8D_146A.zip,2022-05-18 02:01:40.416000+00:00,S1A_IW_SLC__1SDV_20220518T020140_20220518T020207_043259_052A8D_146A,,Sentinel-1A,4616191437,dd1ffc4895c5246128fe075e8b5e8d64,143,SENTINEL_1A_FRAME,43259,VV+VH,2022-05-18T02:01:40.416Z,C-SAR,S1A_IWDV_0142_0149_043259_137,003.52,S1A_IW_SLC__1SDV_20220518T020140_20220518T020207_043259_052A8D_146A.zip,IW,2022-05-18,10TFP
379,"POLYGON ((-120.080849 43.895679, -119.632629 45.511898, -122.864815 45.906372, -123.220764 44.289871, -120.080849 43.895679))",44.9122,-121.4453,2022-05-16T14:14:45.049Z,S1A_IW_SLC__1SDV_20220516T141418_20220516T141445_043237_0529E9_334F-SLC,DESCENDING,115,SLC,https://datapool.asf.alaska.edu/SLC/SA/S1A_IW_SLC__1SDV_20220516T141418_20220516T141445_043237_0529E9_334F.zip,2022-05-16 14:14:18.088000+00:00,S1A_IW_SLC__1SDV_20220516T141418_20220516T141445_043237_0529E9_334F,,Sentinel-1A,4580281559,842c2ae1e2c204c4aaf232ad00b7396b,442,SENTINEL_1A_FRAME,43237,VV+VH,2022-05-16T14:14:18.088Z,C-SAR,S1A_IWDV_0442_0448_043237_115,003.52,S1A_IW_SLC__1SDV_20220516T141418_20220516T141445_043237_0529E9_334F.zip,IW,2022-05-16,10TFP
384,"POLYGON ((-123.836029 45.568336, -123.387207 43.951317, -120.203064 44.349991, -120.55809 45.967262, -123.836029 45.568336))",44.9708,-122.0008,2022-05-06T02:02:06.579Z,S1A_IW_SLC__1SDV_20220506T020139_20220506T020206_043084_052511_80DE-SLC,ASCENDING,137,SLC,https://datapool.asf.alaska.edu/SLC/SA/S1A_IW_SLC__1SDV_20220506T020139_20220506T020206_043084_052511_80DE.zip,2022-05-06 02:01:39.606000+00:00,S1A_IW_SLC__1SDV_20220506T020139_20220506T020206_043084_052511_80DE,,Sentinel-1A,4681423704,1575c4c0afffdaedb38c82e20b1b7e84,143,SENTINEL_1A_FRAME,43084,VV+VH,2022-05-06T02:01:39.606Z,C-SAR,S1A_IWDV_0142_0149_043084_137,003.51,S1A_IW_SLC__1SDV_20220506T020139_20220506T020206_043084_052511_80DE.zip,IW,2022-05-06,10TFP
387,"POLYGON ((-120.078316 43.896183, -119.630096 45.512283, -122.862175 45.906765, -123.218132 44.290386, -120.078316 43.896183))",44.9126,-121.4427,2022-05-04T14:14:43.842Z,S1A_IW_SLC__1SDV_20220504T141416_20220504T141443_043062_05246D_5761-SLC,DESCENDING,115,SLC,https://datapool.asf.alaska.edu/SLC/SA/S1A_IW_SLC__1SDV_20220504T141416_20220504T141443_043062_05246D_5761.zip,2022-05-04 14:14:16.883000+00:00,S1A_IW_SLC__1SDV_20220504T141416_20220504T141443_043062_05246D_5761,,Sentinel-1A,4432273138,b40d3e315fdf97d47fba40c3d4ecec6a,442,SENTINEL_1A_FRAME,43062,VV+VH,2022-05-04T14:14:16.883Z,C-SAR,S1A_IWDV_0442_0448_043062_115,003.51,S1A_IW_SLC__1SDV_20220504T141416_20220504T141443_043062_05246D_5761.zip,IW,2022-05-04,10TFP
392,"POLYGON ((-123.838203 45.56818, -123.389389 43.95116, -120.205261 44.349834, -120.560287 45.967106, -123.838203 45.56818))",44.9706,-122.003,2022-04-24T02:02:06.468Z,S1A_IW_SLC__1SDV_20220424T020139_20220424T020206_042909_051F4A_BDB4-SLC,ASCENDING,137,SLC,https://datapool.asf.alaska.edu/SLC/SA/S1A_IW_SLC__1SDV_20220424T020139_20220424T020206_042909_051F4A_BDB4.zip,2022-04-24 02:01:39.495000+00:00,S1A_IW_SLC__1SDV_20220424T020139_20220424T020206_042909_051F4A_BDB4,,Sentinel-1A,4477775476,b76b4f16d07b7091f217916c8b4f33e8,143,SENTINEL_1A_FRAME,42909,VV+VH,2022-04-24T02:01:39.495Z,C-SAR,S1A_IWDV_0142_0149_042909_137,003.51,S1A_IW_SLC__1SDV_20220424T020139_20220424T020206_042909_051F4A_BDB4.zip,IW,2022-04-24,10TFP
395,"POLYGON ((-120.07988 43.895779, -119.63163 45.511868, -122.863831 45.906403, -123.21981 44.290031, -120.07988 43.895779))",44.9123,-121.4443,2022-04-22T14:14:43.793Z,S1A_IW_SLC__1SDV_20220422T141416_20220422T141443_042887_051EA4_0079-SLC,DESCENDING,115,SLC,https://datapool.asf.alaska.edu/SLC/SA/S1A_IW_SLC__1SDV_20220422T141416_20220422T141443_042887_051EA4_0079.zip,2022-04-22 14:14:16.835000+00:00,S1A_IW_SLC__1SDV_20220422T141416_20220422T141443_042887_051EA4_0079,,Sentinel-1A,4410566872,7d77fface8f812dfc8abc93a38132ead,442,SENTINEL_1A_FRAME,42887,VV+VH,2022-04-22T14:14:16.835Z,C-SAR,S1A_IWDV_0442_0448_042887_115,003.51,S1A_IW_SLC__1SDV_20220422T141416_20220422T141443_042887_051EA4_0079.zip,IW,2022-04-22,10TFP
400,"POLYGON ((-123.836845 45.568256, -123.388107 43.951359, -120.20385 44.350014, -120.558807 45.967159, -123.836845 45.568256))",44.9708,-122.0016,2022-04-12T02:02:05.657Z,S1A_IW_SLC__1SDV_20220412T020138_20220412T020205_042734_05197C_7E9A-SLC,ASCENDING,137,SLC,https://datapool.asf.alaska.edu/SLC/SA/S1A_IW_SLC__1SDV_20220412T020138_20220412T020205_042734_05197C_7E9A.zip,2022-04-12 02:01:38.686000+00:00,S1A_IW_SLC__1SDV_20220412T020138_20220412T020205_042734_05197C_7E9A,,Sentinel-1A,4441391666,1be28ae0409282ded811ec01a4dc7f9a,143,SENTINEL_1A_FRAME,42734,VV+VH,2022-04-12T02:01:38.686Z,C-SAR,S1A_IWDV_0143_0148_042734_137,003.51,S1A_IW_SLC__1SDV_20220412T020138_20220412T020205_042734_05197C_7E9A.zip,IW,2022-04-12,10TFP
403,"POLYGON ((-120.080482 43.895477, -119.632164 45.511948, -122.864182 45.906418, -123.220222 44.289665, -120.080482 43.895477))",44.9121,-121.4448,2022-04-10T14:14:43.141Z,S1A_IW_SLC__1SDV_20220410T141416_20220410T141443_042712_0518CE_B18F-SLC,DESCENDING,115,SLC,https://datapool.asf.alaska.edu/SLC/SA/S1A_IW_SLC__1SDV_20220410T141416_20220410T141443_042712_0518CE_B18F.zip,2022-04-10 14:14:16.177000+00:00,S1A_IW_SLC__1SDV_20220410T141416_20220410T141443_042712_0518CE_B18F,,Sentinel-1A,4348427195,34deef7c0ece4eb72d082f4009588a12,442,SENTINEL_1A_FRAME,42712,VV+VH,2022-04-10T14:14:16.177Z,C-SAR,S1A_IWDV_0442_0448_042712_115,003.51,S1A_IW_SLC__1SDV_20220410T141416_20220410T141443_042712_0518CE_B18F.zip,IW,2022-04-10,10TFP
410,"POLYGON ((-120.081635 43.895535, -119.633438 45.511639, -122.865456 45.906075, -123.221382 44.289692, -120.081635 43.895535))",44.912,-121.446,2022-03-29T14:14:42.886Z,S1A_IW_SLC__1SDV_20220329T141415_20220329T141442_042537_0512EB_A579-SLC,DESCENDING,115,SLC,https://datapool.asf.alaska.edu/SLC/SA/S1A_IW_SLC__1SDV_20220329T141415_20220329T141442_042537_0512EB_A579.zip,2022-03-29 14:14:15.928000+00:00,S1A_IW_SLC__1SDV_20220329T141415_20220329T141442_042537_0512EB_A579,,Sentinel-1A,4417179956,1dbb2ea0a3e02729dcfa88e8d370444a,442,SENTINEL_1A_FRAME,42537,VV+VH,2022-03-29T14:14:15.928Z,C-SAR,S1A_IWDV_0442_0448_042537_115,003.51,S1A_IW_SLC__1SDV_20220329T141415_20220329T141442_042537_0512EB_A579.zip,IW,2022-03-29,10TFP
417,"POLYGON ((-120.080795 43.895638, -119.632591 45.51173, -122.864845 45.9062, -123.220779 44.289829, -120.080795 43.895638))",44.9121,-121.4453,2022-03-17T14:14:42.473Z,S1A_IW_SLC__1SDV_20220317T141415_20220317T141442_042362_050CF7_307D-SLC,DESCENDING,115,SLC,https://datapool.asf.alaska.edu/SLC/SA/S1A_IW_SLC__1SDV_20220317T141415_20220317T141442_042362_050CF7_307D.zip,2022-03-17 14:14:15.515000+00:00,S1A_IW_SLC__1SDV_20220317T141415_20220317T141442_042362_050CF7_307D,,Sentinel-1A,4382287452,502d2ee829b7876937bda4b0e47e414a,442,SENTINEL_1A_FRAME,42362,VV+VH,2022-03-17T14:14:15.515Z,C-SAR,S1A_IWDV_0442_0448_042362_115,003.40,S1A_IW_SLC__1SDV_20220317T141415_20220317T141442_042362_050CF7_307D.zip,IW,2022-03-17,10TFP
424,"POLYGON ((-120.015999 44.109768, -119.516624 45.897846, -122.767738 46.292206, -123.163544 44.5037, -120.015999 44.109768))",45.2123,-121.3621,2022-03-05T14:14:38.859Z,S1A_IW_SLC__1SDV_20220305T141409_20220305T141438_042187_050709_9C25-SLC,DESCENDING,115,SLC,https://datapool.asf.alaska.edu/SLC/SA/S1A_IW_SLC__1SDV_20220305T141409_20220305T141438_042187_050709_9C25.zip,2022-03-05 14:14:09.027000+00:00,S1A_IW_SLC__1SDV_20220305T141409_20220305T141438_042187_050709_9C25,,Sentinel-1A,4861481242,d6e55cd028a5e709db2ff21c5c784b36,441,SENTINEL_1A_FRAME,42187,VV+VH,2022-03-05T14:14:09.027Z,C-SAR,S1A_IWDV_0441_0448_042187_115,003.40,S1A_IW_SLC__1SDV_20220305T141409_20220305T141438_042187_050709_9C25.zip,IW,2022-03-05,10TFP
428,"POLYGON ((-120.015686 44.109566, -119.516243 45.897758, -122.767532 46.292171, -123.163399 44.503555, -120.015686 44.109566))",45.2122,-121.3618,2022-02-21T14:14:39.127Z,S1A_IW_SLC__1SDV_20220221T141409_20220221T141439_042012_050119_CB10-SLC,DESCENDING,115,SLC,https://datapool.asf.alaska.edu/SLC/SA/S1A_IW_SLC__1SDV_20220221T141409_20220221T141439_042012_050119_CB10.zip,2022-02-21 14:14:09.292000+00:00,S1A_IW_SLC__1SDV_20220221T141409_20220221T141439_042012_050119_CB10,,Sentinel-1A,4802415368,ebc256513c263f0a1e90cf94f0f64460,441,SENTINEL_1A_FRAME,42012,VV+VH,2022-02-21T14:14:09.292Z,C-SAR,S1A_IWDV_0441_0447_042012_115,003.40,S1A_IW_SLC__1SDV_20220221T141409_20220221T141439_042012_050119_CB10.zip,IW,2022-02-21,10TFP
433,"POLYGON ((-120.014389 44.109398, -119.514915 45.897583, -122.766212 46.292027, -123.162109 44.503414, -120.014389 44.109398))",45.212,-121.3605,2022-02-09T14:14:39.211Z,S1A_IW_SLC__1SDV_20220209T141409_20220209T141439_041837_04FB06_94FF-SLC,DESCENDING,115,SLC,https://datapool.asf.alaska.edu/SLC/SA/S1A_IW_SLC__1SDV_20220209T141409_20220209T141439_041837_04FB06_94FF.zip,2022-02-09 14:14:09.376000+00:00,S1A_IW_SLC__1SDV_20220209T141409_20220209T141439_041837_04FB06_94FF,,Sentinel-1A,4884794081,61aef350b3ae8c2c634f585c83566481,441,SENTINEL_1A_FRAME,41837,VV+VH,2022-02-09T14:14:09.376Z,C-SAR,S1A_IWDV_0441_0448_041837_115,003.40,S1A_IW_SLC__1SDV_20220209T141409_20220209T141439_041837_04FB06_94FF.zip,IW,2022-02-09,10TFP
438,"POLYGON ((-120.014809 44.109421, -119.515381 45.897602, -122.76683 46.292015, -123.162666 44.503407, -120.014809 44.109421))",45.212,-121.361,2022-01-28T14:14:39.546Z,S1A_IW_SLC__1SDV_20220128T141409_20220128T141439_041662_04F4E6_64C4-SLC,DESCENDING,115,SLC,https://datapool.asf.alaska.edu/SLC/SA/S1A_IW_SLC__1SDV_20220128T141409_20220128T141439_041662_04F4E6_64C4.zip,2022-01-28 14:14:09.712000+00:00,S1A_IW_SLC__1SDV_20220128T141409_20220128T141439_041662_04F4E6_64C4,,Sentinel-1A,4830385884,51b96ffa17bb11bd4bdaae9241ac4602,441,SENTINEL_1A_FRAME,41662,VV+VH,2022-01-28T14:14:09.712Z,C-SAR,S1A_IWDV_0441_0448_041662_115,003.40,S1A_IW_SLC__1SDV_20220128T141409_20220128T141439_041662_04F4E6_64C4.zip,IW,2022-01-28,10TFP
443,"POLYGON ((-120.015678 44.109196, -119.516212 45.897629, -122.767639 46.292011, -123.163506 44.503155, -120.015678 44.109196))",45.2119,-121.3619,2022-01-16T14:14:40.073Z,S1A_IW_SLC__1SDV_20220116T141410_20220116T141440_041487_04EEF8_87C0-SLC,DESCENDING,115,SLC,https://datapool.asf.alaska.edu/SLC/SA/S1A_IW_SLC__1SDV_20220116T141410_20220116T141440_041487_04EEF8_87C0.zip,2022-01-16 14:14:10.234000+00:00,S1A_IW_SLC__1SDV_20220116T141410_20220116T141440_041487_04EEF8_87C0,,Sentinel-1A,4909567639,91279fe4d04f3faf1289bb7a271b1313,441,SENTINEL_1A_FRAME,41487,VV+VH,2022-01-16T14:14:10.234Z,C-SAR,S1A_IWDV_0441_0448_041487_115,003.40,S1A_IW_SLC__1SDV_20220116T141410_20220116T141440_041487_04EEF8_87C0.zip,IW,2022-01-16,10TFP
448,"POLYGON ((-120.01564 44.109291, -119.516129 45.897842, -122.767647 46.292236, -123.163536 44.503262, -120.01564 44.109291))",45.2121,-121.3618,2022-01-04T14:14:40.478Z,S1A_IW_SLC__1SDV_20220104T141410_20220104T141440_041312_04E941_A0EC-SLC,DESCENDING,115,SLC,https://datapool.asf.alaska.edu/SLC/SA/S1A_IW_SLC__1SDV_20220104T141410_20220104T141440_041312_04E941_A0EC.zip,2022-01-04 14:14:10.637000+00:00,S1A_IW_SLC__1SDV_20220104T141410_20220104T141440_041312_04E941_A0EC,,Sentinel-1A,4913996751,3eb5060f316e6882ff9e8501971f3e93,441,SENTINEL_1A_FRAME,41312,VV+VH,2022-01-04T14:14:10.637Z,C-SAR,S1A_IWDV_0441_0448_041312_115,003.40,S1A_IW_SLC__1SDV_20220104T141410_20220104T141440_041312_04E941_A0EC.zip,IW,2022-01-04,10TFP
